517 889 67 82
761 888 98 94
+52 845 735 7387
+52 949 835 8524
(660) 477 6221
+52 (726) 226 9878
+52 522 392 8635
855 277 30 57
+52 526 408 9183
+52 (370) 878 9932
+52 619 365 2188
+52 539 739 9496
4038902414
359 246 12 99
+52 (624) 968 5414
(712) 374 1078
+52 (424) 276 5289
+52 640 816 4161
(963) 772 4711
8172333807
(863) 422 1519
537 864 48 51
+52 361 475 8765
+52 370 912 3212
+52 695 479 3084
+52 645 923 6788
+52 652 888 4778
4203378440
+52 532 455 8471
862 932 71 97
(758) 270 7363
+52 (454) 421 6434
+52 653 693 2634
208 925 55 34
8805527395
+52 916 419 7994
+52 950 339 6884
+52 (889) 657 1119
(772) 744 5297
(637) 544 8700
+52 970 479 3065
+52 383 221 1599
268 489 24 86
+52 320 974 5038
2828683641
8656634773
5368578392
+52 426 807 7512
560 372 17 52
+52 (962) 875 9220
+52 (941) 398 8601
614 243 92 64
+52 897 223 5226
(983) 745 8786
4776924134
+52 229 772 4039
517 892 72 58
(574) 371 2528
+52 282 866 1744
3118006714
446 806 79 82
527 877 89 06
767 437 95 41
519 695 48 67
(767) 578 2542
(884) 273 8850
433 638 41 07
9597353084
8045741616
(523) 837 9979
438 290 82 86
826 772 62 11
+52 324 401 1473
553 897 63 75
(880) 744 8772
834 539 84 44
+52 720 682 5744
717 455 78 74
329 988 25 49
+52 711 884 8667
+52 (408) 634 9446
+52 484 245 8749
+52 848 656 7425
(848) 972 4854
+52 566 403 2859
208 269 29 17
+52 (773) 941 4898
594 538 60 05
+52 912 942 2584
+52 563 351 8739
(463) 594 5848
252 557 28 95
(375) 978 5515
7254171446
(236) 801 6374
7692663188
+52 (298) 833 4572
(526) 507 1560
(356) 769 9993
(755) 400 3375
(959) 495 6535
+52 941 803 6558
6353336601
713 827 87 03
+52 707 879 5328
396 826 56 76
325 527 91 19
+52 (353) 833 3660
332 499 89 14
(444) 418 8670
+52 958 794 8783
2712417520
+52 (751) 342 4757
+52 390 734 1993
(694) 661 3768
+52 317 981 3545
2935047198
945 428 89 45
(997) 499 2789
+52 783 220 2732
+52 (431) 453 8588
7189724476
+52 (358) 544 4762
+52 864 856 2080
+52 245 280 6980
3332041442
+52 297 540 2359
+52 758 679 7196
500 961 42 21
+52 (792) 380 6332
871 271 44 43
+52 390 891 4156
+52 (767) 392 9551
+52 588 846 2832
+52 484 958 9571
+52 569 758 4863
+52 398 243 6870
9522845407
+52 355 945 6142
374 929 75 71
+52 612 543 3123
+52 754 927 3764
9856301310
+52 808 925 1198
(788) 476 7326
(728) 487 8646
(672) 427 7065
+52 575 674 6610
(822) 643 4657
784 937 94 68
770 694 14 16
+52 684 880 4019
+52 878 358 1229
+52 572 697 4261
+52 665 538 2415
+52 948 443 7211
(426) 507 6605
+52 (921) 910 1255
6313509585
+52 496 972 8563
+52 860 804 4744
6647573165
+52 319 788 8765
+52 (391) 957 5811
208 790 63 95
682 416 49 31
927 953 89 16
639 911 50 54
312 663 26 46
+52 456 839 8028
786 933 71 06
+52 731 464 9842
+52 673 444 4473
+52 (352) 627 6706
+52 650 601 4193
4155686802
+52 689 864 4672
+52 475 282 3132
7028629550
+52 944 901 4228
+52 (877) 927 4992
5079403282
+52 (445) 277 4995
(899) 882 3833
+52 336 868 5174
8428781393
+52 784 961 2122
+52 601 949 9352
511 358 33 59
731 450 92 60
249 530 42 34
(408) 239 3682
731 393 26 17
664 848 56 01
+52 (393) 359 7225
+52 (942) 924 5408
+52 543 501 7550
8388564525
414 837 74 24
778 205 64 66
2839179424
5677149212
+52 962 844 9493
688 232 58 62
+52 946 622 6905
+52 798 280 6444
7132252771
9724062128
+52 513 322 3502
+52 537 331 9067
2772057044
+52 876 668 3370
+52 985 210 9932
+52 474 846 8041
+52 (972) 724 3501
4702086283
+52 701 369 6084
714 245 63 25
(620) 439 3146
+52 968 642 6995
+52 350 573 7077
7816993189
+52 565 363 8463
769 627 43 46
+52 (841) 976 2130
+52 839 408 7418
+52 873 610 5745
(538) 347 4525
477 365 48 50
447 751 81 47
+52 611 541 9009
8577237554
5713276630
+52 (862) 953 3359
(546) 645 6426
+52 248 355 3527
+52 640 900 1138
2407726628
441 326 72 95
389 669 54 74
+52 786 465 7016
496 549 22 33
8907655090
+52 (740) 798 1647
(206) 469 8340
605 538 43 27
9635698960
995 514 32 88
+52 365 652 5337
2007498059
751 485 96 74
(475) 256 6626
(734) 416 8401
769 339 62 87
9038487691
(443) 566 8100
+52 946 385 2626
(955) 537 3013
3645621571
+52 333 214 1158
+52 (477) 711 2102
644 905 48 96
+52 825 393 3982
631 377 25 74
(569) 656 2145
+52 971 585 3928
+52 (364) 918 8675
5943513859
+52 289 465 2240
+52 728 474 6493
359 272 12 87
3086325039
(797) 584 2466
7426524104
5705065427
+52 (409) 396 1543
+52 (344) 730 1688
+52 816 982 4115
+52 830 916 8909
+52 (264) 558 6730
284 443 31 27
+52 246 297 4251
+52 394 513 5813
+52 (215) 999 6728
3764063490
+52 641 972 5168
+52 455 322 8148
545 959 60 77
+52 443 752 1878
+52 891 678 4418
+52 (334) 430 2371
5908414267
5742529557
(615) 515 4972
+52 (787) 511 4269
+52 (811) 689 3401
+52 (848) 228 4727
862 408 10 06
+52 289 820 9612
+52 813 336 2710
+52 469 839 6622
+52 445 267 2049
(351) 597 6436
+52 330 583 1234
(204) 978 4379
+52 902 924 2036
866 946 35 55
+52 (235) 249 1133
542 914 78 67
+52 859 340 3375
+52 492 230 8305
+52 335 257 3798
3752552461
(204) 619 6158
609 932 76 57
272 989 50 08
7185147776
+52 550 621 2120
+52 (854) 788 5754
(624) 629 1356
+52 917 660 4829
424 740 64 68
563 500 40 19
8329067774
938 345 55 71
(546) 486 6812
+52 609 917 5425
(938) 846 9414
6996315633
9374147380
6535461482
6935679027
+52 430 618 7722
3273278587
964 611 49 03
9354632892
+52 821 455 9752
+52 (207) 501 8355
+52 (844) 716 3201
+52 560 892 5114
+52 819 753 8394
362 801 68 60
843 750 68 91
+52 590 895 5410
7256677714
4837399406
(920) 717 5292
+52 252 539 2066
+52 992 977 3885
883 271 99 77
+52 552 358 8055
(414) 686 9884
482 824 82 04
(438) 262 7579
+52 483 487 5791
(246) 467 1645
369 651 24 66
+52 787 945 2238
+52 647 414 7884
+52 868 800 9807
(748) 472 6978
+52 (246) 859 7554
+52 892 254 4951
+52 (705) 290 5431
+52 809 728 4083
+52 (230) 391 5499
+52 (427) 676 1696
9964549594
3262283511
2493193607
(394) 700 1772
+52 (923) 226 6018
(401) 614 9017
+52 (839) 649 8834
+52 858 215 5360
+52 988 563 4415
(299) 758 3108
3267207113
9623003575
616 358 24 06
+52 220 801 3672
937 864 80 99
+52 (441) 305 9698
(320) 328 5154
+52 (743) 413 6622
347 722 87 44
976 703 41 46
7292083932
582 400 49 66
+52 953 368 3238
+52 512 458 8602
(308) 258 9197
327 445 67 91
(657) 821 6968
+52 743 459 1531
+52 (909) 948 9218
+52 489 288 1475
(213) 226 5752
+52 433 372 7286
+52 (268) 806 8584
(575) 288 7223
+52 (792) 568 7313
+52 516 898 2570
466 564 88 54
+52 596 460 1266
847 418 33 35
+52 632 673 8935
2648367123
+52 599 867 1347
+52 743 998 2392
449 235 67 35
999 798 28 12
+52 (488) 513 8484
939 608 54 54
+52 683 679 7460
370 980 82 51
+52 (522) 277 8166
+52 587 315 2599
(734) 713 6885
945 318 53 32
9617337722
+52 942 652 3699
+52 374 374 5177
+52 (755) 492 8491
6203879931
855 470 57 57
765 556 49 52
(955) 771 4926
611 597 28 77
+52 443 892 6520
+52 (568) 491 6599
846 354 22 00
+52 246 380 7510
3084624175
+52 (461) 641 4495
213 594 56 93
(419) 316 7984
+52 (773) 899 9036
455 706 36 27
+52 (621) 237 1580
+52 979 508 6185
+52 210 540 8366
+52 (318) 254 4810
+52 (609) 665 7758
+52 (387) 683 8052
+52 260 880 3756
952 862 17 51
(850) 844 1274
+52 954 453 7594
+52 887 206 1413
+52 244 528 2244
(253) 521 4899
922 320 92 53
+52 835 236 7994
905 412 41 27
+52 (770) 458 2422
371 430 73 27
+52 793 349 7588
331 683 46 92
+52 516 447 2920
+52 (901) 260 8437
(672) 908 6723
+52 (206) 907 2573
301 440 64 53
+52 203 926 5566
+52 366 394 7699
+52 976 386 1557
4226947751
716 922 36 18
(493) 625 3362
+52 (648) 378 2613
7987966171
(891) 738 8246
491 246 82 96
(428) 359 5022
+52 (905) 858 4222
+52 494 565 8694
640 716 10 19
(212) 727 6922
(396) 494 6935
5554598778
613 920 37 33
(254) 554 8621
(714) 367 1098
+52 558 667 2955
(214) 296 9689
(920) 766 6412
+52 624 330 3143
+52 613 637 4080
+52 (764) 477 4265
(294) 340 7221
+52 891 387 8542
8012329082
+52 274 618 4637
+52 966 361 4825
+52 984 568 2692
353 350 21 66
+52 851 600 9813
(201) 673 4850
+52 708 710 8924
+52 340 263 7260
8159012373
9553028936
705 305 89 49
+52 952 439 3302
+52 (467) 218 2443
6993964458
(409) 709 1572
908 352 72 42
957 437 59 42
+52 (441) 582 2670
588 613 38 05
+52 406 293 7117
7233728013
+52 676 357 6998
(979) 218 5954
708 844 34 33
(966) 207 1427
6818241394
(376) 200 3129
668 993 46 63
925 634 70 41
+52 (815) 759 6833
(691) 933 9307
(797) 666 4291
+52 433 987 1874
(560) 729 7778
4277929962
+52 388 307 5014
8798016490
+52 285 453 2505
+52 (985) 473 9668
+52 (960) 655 1053
+52 651 286 1853
435 513 11 19
300 319 28 59
(891) 868 2344
5925105960
+52 871 297 7143
(241) 541 7594
491 952 28 34
9932297624
975 693 28 38
+52 (546) 278 6052
+52 (913) 406 6522
+52 596 909 1459
(216) 856 4445
(406) 603 2297
4963801641
7535632545
9476981347
+52 352 241 4776
(503) 668 3722
+52 (649) 270 3980
(787) 283 8199
+52 (626) 293 5600
+52 881 447 9830
(839) 231 8002
+52 837 786 6055
(526) 686 6608
3754029505
+52 (354) 415 4570
6338485446
+52 931 324 7909
(857) 958 3712
+52 (524) 589 4351
514 739 80 41
+52 219 224 8521
+52 886 959 2245
860 235 81 62
918 694 57 80
+52 447 274 2881
587 681 67 31
+52 392 407 5146
+52 805 836 4124
(312) 239 3263
+52 756 943 2760
526 556 11 39
+52 255 242 1439
6383643176
(829) 470 9081
+52 598 729 2710
349 543 36 76
6898769373
+52 760 466 7105
+52 (298) 244 7412
9149285694
+52 392 288 2187
+52 (252) 901 2412
668 610 49 51
+52 768 326 1613
+52 805 213 9076
646 979 96 99
+52 978 650 7878
(905) 780 6618
3623824201
+52 (992) 965 2985
(835) 514 8729
+52 (354) 639 7392
(234) 831 8200
+52 675 470 8699
+52 (465) 741 7690
+52 643 955 5907
780 842 63 63
2429886203
+52 274 255 4199
(335) 688 9420
+52 407 895 3932
+52 (637) 387 8286
935 767 12 76
+52 238 226 1131
+52 623 570 4834
(480) 419 6310
(636) 306 6489
+52 (417) 979 5966
745 938 98 60
+52 679 293 2461
+52 (594) 795 8415
+52 955 762 3412
+52 307 841 1499
8406737025
+52 352 676 9308
+52 858 777 5416
+52 (261) 806 2545
992 763 40 19
+52 818 583 5471
+52 524 699 1269
+52 (635) 456 4068
582 456 74 76
9344466696
(705) 384 2040
+52 542 668 4824
+52 (348) 668 5043
375 222 35 44
944 453 62 43
+52 694 785 2446
+52 (361) 835 3406
206 261 47 29
+52 243 692 6803
500 533 62 27
+52 464 952 2269
+52 364 998 7826
(208) 233 9364
+52 973 648 9010
6713319661
+52 863 859 3352
+52 (319) 635 7761
+52 (721) 411 7134
+52 573 619 2770
+52 (234) 946 3588
+52 762 862 4840
+52 (487) 897 4588
935 224 97 26
+52 284 987 9177
+52 597 691 8419
+52 (560) 976 9132
(272) 742 3634
(620) 701 9002
6986459643
507 667 73 07
9802514165
+52 238 653 6765
322 336 57 92
3298375206
+52 977 679 1155
+52 473 487 9557
+52 367 731 5247
+52 695 632 5754
+52 (421) 947 8872
+52 537 783 7144
7606882899
688 610 93 27
329 350 48 78
953 430 66 09
+52 (823) 920 7377
855 805 33 52
+52 (917) 376 1123
+52 (290) 493 3670
+52 858 559 8447
7195891071
+52 450 825 3325
+52 (868) 384 1357
487 748 71 36
+52 (633) 697 1343
2703071409
+52 520 933 5640
3065389855
+52 (494) 928 1174
+52 813 709 9389
2073075525
+52 483 292 8026
(860) 522 6061
+52 692 943 3282
267 432 57 28
943 887 18 04
+52 547 762 8875
+52 656 874 1325
(817) 530 3704
3063815973
+52 935 297 7440
+52 922 904 5941
+52 746 462 8434
+52 637 453 8566
+52 (510) 707 1049
(578) 314 7117
+52 929 880 4279
(546) 589 3693
+52 (961) 746 9528
2149365988
988 257 79 67
+52 685 441 6617
+52 601 558 3188
+52 (737) 875 6367
+52 (220) 333 7271
6164976513
+52 (214) 272 4107
(731) 813 2086
+52 435 479 7676
6248062578
+52 224 576 6377
+52 658 703 1944
(208) 392 2978
+52 882 749 5979
6245624970
(488) 613 6605
888 421 41 43
5679665259
+52 (411) 922 2992
2282949431
4289374683
+52 291 344 7359
8549251531
(747) 995 2361
292 460 98 52
336 428 80 25
+52 232 238 1640
(738) 289 5799
+52 782 565 5878
963 241 74 38
8918372580
+52 (699) 927 8092
9233815694
436 717 88 92
689 809 63 79
(663) 855 4591
636 536 41 92
9744062114
+52 499 643 9865
+52 526 322 7649
+52 332 535 1999
+52 527 909 1986
(637) 553 1113
+52 884 988 8016
+52 348 468 7423
+52 (628) 971 4882
+52 921 667 2224
912 778 89 76
+52 (637) 487 2424
(888) 968 4014
(531) 677 6344
+52 (703) 335 6971
+52 709 432 1399
+52 530 478 5349
691 436 91 16
+52 767 420 9237
+52 487 580 6409
+52 852 761 4925
(317) 657 9948
+52 (698) 827 4219
+52 936 820 7708
+52 826 249 1817
+52 (857) 962 4045
769 219 55 22
+52 754 965 5645
9765019999
+52 (512) 513 6204
+52 728 879 8791
+52 (844) 435 3252
+52 (637) 645 2763
(999) 727 7772
+52 385 306 3393
+52 255 964 3905
9076505002
8747014445
+52 501 615 7160
414 640 15 45
+52 379 860 1379
+52 446 892 3274
(615) 461 5791
(393) 590 6842
+52 517 478 7957
6237731381
3228637693
+52 (827) 748 5070
+52 838 687 7181
(333) 952 8367
+52 653 825 5139
(342) 912 3599
(862) 615 3621
+52 933 739 1459
555 896 92 45
+52 373 539 3253
+52 854 430 4466
4142546414
+52 (730) 438 9295
+52 792 720 6263
(498) 601 6916
+52 211 953 1077
+52 (713) 949 6419
+52 512 637 9196
624 649 24 77
272 840 11 12
+52 553 459 7675
4396152308
4234682035
5005979988
882 319 11 86
+52 987 330 8997
+52 281 699 8968
+52 498 518 4875
+52 (804) 621 3374
989 689 31 48
271 271 91 87
(355) 511 9668
258 888 80 61
+52 (502) 917 8508
6968496658
+52 704 244 5158
+52 (342) 311 9288
917 645 34 69
+52 529 581 6699
507 617 62 19
+52 692 513 1821
+52 430 879 6579
+52 634 856 4992
644 266 63 15
4566512716
(680) 735 7525
+52 544 213 3697
+52 (392) 568 2845
+52 (853) 933 3512
960 839 70 28
+52 766 896 6773
656 462 16 64
+52 434 670 3115
+52 (635) 741 8346
+52 (895) 795 9772
+52 996 906 6360
+52 (637) 303 2693
+52 (229) 505 2203
+52 655 978 7420
+52 (998) 983 5796
+52 457 212 2776
+52 317 263 1535
(210) 952 5125
572 358 43 31
(467) 741 3129
+52 (439) 867 5549
5558499088
+52 (712) 423 2432
+52 282 530 2220
+52 708 534 2809
(671) 773 4049
(963) 749 5739
+52 (932) 721 8415
940 424 76 25
+52 947 851 2908
(702) 990 6609
+52 (412) 438 3615
(514) 565 5102
+52 524 879 7366
+52 (687) 730 8822
3265886095
+52 950 430 6609
+52 658 980 3163
2657061381
+52 (628) 927 5594
(444) 311 6472
9168845358
4565054828
5474009913
604 847 67 87
203 842 58 15
+52 264 292 1344
+52 (276) 618 4782
9137337060
+52 824 812 1446
2947234933
+52 772 237 7090
+52 (641) 462 4903
5068636615
520 385 93 52
+52 897 781 8592
+52 884 732 2915
+52 557 994 2044
(763) 498 9771
9645562736
866 518 28 24
+52 (481) 204 2338
480 458 41 95
(729) 848 1189
+52 981 972 9762
+52 (607) 876 6450
3268186027
+52 631 770 5412
+52 909 608 1785
443 902 49 51
+52 338 461 4631
(467) 641 3658
(553) 984 9122
568 922 12 33
+52 369 373 8742
+52 866 938 3328
(454) 616 3720
+52 907 551 9961
+52 341 978 4208
968 353 92 04
+52 (445) 256 8635
+52 805 325 9113
673 390 25 43
(918) 798 8099
(287) 219 9059
(931) 567 6699
6428438890
612 811 13 31
+52 535 619 9122
2973999154
(334) 283 8196
+52 963 446 3944
+52 452 859 5733
+52 877 622 2811
297 304 63 74
5328982823
(434) 914 6827
+52 412 489 4334
(926) 315 8982
+52 899 733 2671
+52 783 995 3228
+52 628 398 6252
+52 (813) 725 1476
6398348479
5869457194
(651) 245 1154
+52 624 349 5735
+52 654 448 2705
+52 (957) 688 7438
570 717 60 97
751 554 61 89
(436) 439 9091
+52 (379) 484 2836
+52 392 450 4296
8846485618
+52 528 289 2753
+52 (240) 525 7472
+52 (382) 280 3582
+52 (304) 755 3754
8206326022
(846) 540 9433
+52 (650) 718 7158
939 654 78 54
5364571207
+52 (754) 868 9845
405 718 94 19
+52 550 347 2962
+52 357 208 5162
+52 794 694 3920
+52 909 859 6280
(272) 381 8103
+52 (333) 966 2242
+52 848 665 9851
+52 550 538 8489
+52 773 571 6657
+52 736 226 1047
+52 957 240 6618
7767646676
9964729559
+52 822 691 8059
+52 812 765 5550
+52 (911) 336 6488
+52 773 978 1839
+52 478 402 7495
2669703246
+52 821 336 1757
+52 (202) 473 3411
5979745578
3099814319
7927915775
+52 672 344 1940
551 668 16 94
+52 891 724 5851
(509) 679 5679
+52 (933) 598 9285
+52 859 988 7448
+52 503 881 9666
(678) 565 4082
2882509315
8927208583
(993) 312 5871
752 286 21 66
+52 946 987 1955
+52 532 787 3619
+52 (598) 320 5840
2983459511
6307505723
4254081258
+52 609 963 2750
239 548 35 34
670 652 53 83
7164771426
341 661 11 05
2234048393
+52 621 494 2595
(869) 967 5780
9266488274
+52 621 938 7672
+52 888 770 2755
+52 201 894 7367
802 466 65 09
284 846 16 12
374 968 80 66
+52 (439) 739 7991
7145161630
+52 (224) 588 1085
+52 774 518 2608
+52 400 344 2903
+52 959 861 1455
+52 542 463 5926
+52 (822) 508 7381
+52 775 600 6100
(631) 564 3900
(324) 783 5761
+52 (560) 369 4093
+52 316 262 7080
+52 550 775 2152
295 220 71 26
320 985 82 43
7873833921
+52 277 679 7202
(377) 575 8232
5375732763
+52 517 987 5518
(353) 598 9282
+52 288 776 7040
(261) 282 6704
+52 252 901 3332
399 656 65 10
9973394755
+52 726 434 1480
+52 786 874 8945
6587465119
2156753341
(614) 950 7983
+52 516 309 6672
(315) 315 1131
789 200 88 65
+52 303 477 8097
+52 240 673 4090
+52 (699) 587 7724
+52 354 299 7207
624 461 75 14
+52 768 472 8992
+52 325 501 7068
+52 (246) 956 1782
+52 (972) 729 5404
+52 829 827 9444
296 303 78 22
+52 326 559 2753
+52 520 976 1769
+52 (703) 854 9808
(903) 879 1578
+52 (955) 976 4179
+52 (814) 565 4284
+52 508 684 8753
+52 637 616 5710
+52 671 558 5013
7852012594
+52 966 480 2377
+52 535 825 7631
993 911 69 88
+52 847 228 2308
(828) 606 7769
9154562062
2389908438
2248192678
6409527751
+52 806 319 2565
+52 (221) 650 3955
9139687738
(361) 806 1883
+52 372 259 1079
+52 614 619 6030
+52 677 991 5531
+52 275 280 1156
804 583 93 77
(384) 228 8044
636 869 85 30
3623513275
(713) 766 7608
+52 (684) 293 3309
+52 845 310 1053
213 743 58 93
+52 832 605 5904
+52 596 996 3042
+52 231 252 1054
(801) 209 5496
+52 530 697 5392
+52 999 840 9862
+52 828 238 2428
+52 543 464 3870
(993) 437 5782
(389) 589 4638
601 758 42 06
+52 904 993 4693
832 735 70 89
3324407368
+52 406 313 9648
+52 (376) 592 1885
+52 899 895 9685
+52 205 334 9078
+52 575 772 5163
+52 (312) 327 8075
(622) 339 2716
+52 723 963 8607
7267972414
2377962977
777 328 79 06
557 313 13 70
+52 368 456 4098
(351) 813 5366
4764939474
+52 (234) 400 1235
609 983 48 87
3064705577
342 327 98 46
+52 675 256 1277
(428) 363 5781
+52 (389) 312 6043
2834736165
(699) 418 2302
+52 (349) 716 4250
+52 (492) 494 3072
(931) 339 4125
+52 994 369 5676
+52 465 890 5567
+52 352 986 9275
(718) 464 4765
+52 (794) 581 7485
+52 870 624 2596
+52 271 929 7653
(204) 694 4259
+52 220 803 2305
+52 757 303 9918
7143547294
9882069398
+52 (942) 963 6598
+52 (684) 251 7656
(965) 829 3492
+52 989 853 3304
+52 286 686 6596
+52 353 249 9774
+52 999 542 4739
(821) 397 2016
(549) 949 8809
+52 683 493 8787
5878481188
(771) 596 2231
+52 846 538 1381
4102602934
2488588357
+52 494 726 3877
+52 400 476 8942
8108136748
+52 (787) 351 8375
4463675647
656 421 56 24
(306) 845 8371
+52 465 282 1423
(986) 499 1322
(243) 267 3509
(662) 683 5581
786 349 82 77
+52 (437) 839 1454
(379) 279 8718
+52 850 688 6796
550 321 51 81
+52 (410) 408 9079
+52 882 447 4368
+52 553 740 8213
+52 245 706 2946
431 836 57 71
8169601351
+52 939 207 1873
+52 (513) 873 3817
+52 (637) 532 8195
279 710 29 68
(457) 286 7592
352 479 17 28
(915) 754 7107
+52 875 713 8900
483 841 82 64
+52 773 675 8165
2952696359
+52 244 844 3752
405 315 28 39
+52 (465) 236 4371
+52 752 464 9364
+52 415 900 3632
+52 254 852 3444
729 208 70 40
(754) 586 7614
(335) 461 1967
+52 645 781 4613
+52 870 624 9761
+52 (239) 616 6386
(481) 763 5057
(515) 429 8269
2503895320
(623) 284 8776
7529285960
+52 617 893 9108
+52 (888) 410 4702
770 873 47 68
(450) 767 9463
902 576 36 43
(300) 817 3074
+52 (294) 314 8974
+52 (331) 327 7955
2724233840
+52 803 850 7939
(585) 410 1456
7256575722
914 793 50 05
665 209 42 57
+52 (418) 249 9435
+52 602 503 1402
+52 (928) 208 9432
+52 420 659 3002
+52 (753) 712 3441
482 438 82 14
(208) 864 4089
527 343 85 88
(433) 737 8536
+52 719 355 2016
(300) 871 3232
(919) 288 1962
9036715730
+52 (319) 695 8928
+52 (234) 205 5652
200 713 17 19
+52 778 582 1853
+52 (682) 909 6034
912 894 96 11
+52 798 303 1892
(943) 688 6985
5898361269
+52 529 830 3489
468 227 50 48
+52 378 643 6039
+52 (684) 482 8384
724 724 22 64
(251) 562 5876
(212) 629 2228
510 236 47 33
+52 (760) 520 9625
7044951524
7464378311
+52 378 784 7185
898 223 30 13
+52 668 840 6855
982 697 75 81
+52 (265) 796 6411
217 903 77 23
+52 (637) 340 5710
(388) 627 7267
(262) 493 2436
+52 661 841 4613
6768027448
330 298 30 47
(200) 242 7232
5586291310
+52 359 964 2204
690 753 38 69
7895028694
(366) 932 2543
+52 723 508 9636
+52 (682) 495 4817
(656) 308 1806
+52 687 940 4865
229 526 88 50
+52 496 474 8205
588 759 53 26
+52 (623) 287 2887
+52 231 266 6518
+52 584 990 8599
780 314 86 87
+52 552 633 7815
+52 978 912 1178
+52 (627) 739 7424
+52 814 758 7914
+52 279 517 2727
+52 548 827 5862
856 256 26 71
+52 588 905 1287
+52 563 229 9847
+52 741 584 4250
+52 240 727 7855
+52 741 513 6278
+52 477 371 7926
+52 619 489 3359
+52 647 602 1685
4703664819
750 421 67 08
+52 357 586 2994
+52 231 231 9131
718 496 95 44
+52 787 633 9283
+52 338 862 7065
+52 591 606 2362
+52 (577) 449 9993
203 236 34 34
+52 (375) 981 9688
+52 834 615 3812
+52 (394) 994 2268
+52 897 306 5678
+52 312 403 3538
+52 209 769 5433
+52 (200) 447 6310
+52 (945) 264 9468
+52 906 566 2904
5246781283
886 693 63 42
5116346321
+52 267 499 9410
638 694 28 46
+52 309 409 4930
+52 894 796 8657
671 714 41 76
7382829674
890 987 57 30
+52 450 952 2681
+52 (750) 843 7764
938 595 81 05
(792) 723 9515
3913033269
8124178815
+52 (357) 983 1097
+52 738 218 8705
+52 (775) 430 1760
9925848590
+52 (225) 448 5672
+52 682 902 8737
+52 884 909 1704
+52 220 723 6102
(834) 591 3846
+52 898 390 9613
2038571509
(265) 238 1347
+52 (792) 923 9036
332 561 35 23
(960) 696 6512
4373554181
+52 (282) 733 8547
5296778567
9559415070
(579) 327 2906
(509) 279 8488
+52 366 228 9326
(793) 613 5825
2504271340
+52 465 471 8480
+52 330 768 1933
(490) 291 7828
836 313 94 75
+52 236 646 9401
454 402 67 18
(742) 672 9130
+52 (376) 505 5439
350 766 58 02
6002153422
+52 851 715 5765
7264396475
+52 (495) 907 5534
920 906 25 51
+52 338 205 2582
936 782 72 05
(675) 357 4824
5562538548
579 912 46 97
+52 (917) 991 6018
+52 (450) 655 9098
+52 706 836 7785
(446) 309 5423
+52 765 359 2719
+52 703 211 7241
+52 (525) 998 6007
+52 537 388 9353
+52 (804) 896 7373
+52 (368) 309 4101
533 415 86 64
+52 587 713 7605
3939658598
+52 542 854 8751
+52 205 471 2383
2405606561
+52 530 992 8474
6106332046
+52 (855) 900 6735
+52 247 647 3016
+52 (345) 218 2111
+52 505 843 9382
5304391154
4803907057
+52 465 802 3443
+52 (755) 730 1963
(807) 430 4817
+52 805 596 1708
+52 (526) 257 4074
+52 409 719 6096
4397095474
+52 660 683 3193
3138746940
+52 510 623 2408
+52 207 314 8770
(868) 301 4020
+52 244 925 4033
+52 (488) 692 1746
+52 (472) 552 8278
+52 542 323 1390
+52 933 287 5943
7234948822
+52 565 482 6298
(292) 836 9201
(950) 901 6655
5445778064
+52 (798) 918 6623
(495) 733 5690
+52 866 751 3315
+52 754 296 7636
+52 (896) 296 5592
5114686760
(537) 919 2758
+52 810 298 1162
+52 966 492 5470
+52 397 226 1908
+52 407 536 4025
(762) 205 4434
+52 581 608 1119
+52 304 708 3818
908 379 97 74
+52 214 280 7466
+52 521 322 8160
+52 247 549 2234
+52 975 942 1319
+52 815 635 6761
7755985411
9405191183
+52 (245) 527 7934
+52 425 487 4568
+52 453 381 5312
+52 482 518 7096
+52 (758) 447 6773
+52 459 649 9829
671 328 42 17
+52 860 279 6820
+52 701 978 4680
(748) 814 5434
4169016441
+52 (442) 524 6932
+52 885 381 5448
+52 834 532 8550
(853) 242 1066
(467) 979 2396
+52 923 898 1377
(854) 497 2854
+52 (258) 815 9844
+52 955 725 5952
+52 219 539 1624
566 253 45 63
+52 842 873 8425
+52 507 700 9234
+52 903 707 3998
(889) 781 6941
(659) 834 7397
(839) 757 7188
+52 354 439 8937
9817422735
+52 844 368 6451
561 879 52 97
(252) 823 1954
6107236571
992 968 45 14
3562502759
5808898968
(435) 249 3979
4844285374
305 334 89 95
(750) 442 9246
+52 835 233 5214
+52 (414) 719 7530
(982) 316 7778
+52 (974) 807 6561
327 529 84 89
+52 577 818 2983
+52 (594) 371 2081
(263) 899 5512
+52 408 287 6907
(791) 719 8953
(336) 270 4806
+52 870 283 1082
882 926 34 42
+52 832 756 2754
+52 669 787 9230
(272) 760 5900
+52 (294) 703 1254
+52 548 343 7455
(984) 826 6880
(735) 595 5319
(876) 230 6755
+52 (372) 671 3713
+52 695 941 3488
(682) 249 8501
+52 (384) 884 3063
+52 286 565 8784
+52 407 636 8208
5633692867
+52 449 429 2442
(537) 698 2053
+52 (398) 821 5889
+52 (209) 318 1917
(716) 580 2917
+52 805 471 8859
573 674 19 92
3106125950
+52 (951) 947 1630
785 604 29 43
+52 321 967 3734
+52 546 471 2725
+52 691 335 9470
+52 (404) 200 4060
+52 (597) 773 4780
+52 (802) 417 8082
+52 759 512 5659
+52 373 697 6475
642 652 26 50
260 672 28 73
(284) 656 5118
(218) 985 8372
+52 (576) 707 8839
+52 (658) 520 5303
+52 648 512 8895
+52 (246) 712 9651
(868) 772 1714
+52 (904) 558 9070
+52 670 535 2094
927 502 11 16
+52 (751) 536 8794
(908) 589 1255
+52 966 340 4252
9393073688
7104453640
9607803560
6249125366
+52 755 849 2046
505 688 32 29
+52 963 485 1078
+52 747 559 3388
+52 (558) 743 7837
+52 366 611 7876
4818287362
(426) 673 7998
+52 890 974 2710
493 725 37 51
+52 (906) 239 9077
+52 984 277 3280
+52 (562) 840 7512
+52 (236) 516 8847
(413) 870 7797
+52 478 217 2350
(352) 737 9699
+52 (253) 864 8376
+52 (627) 542 7409
866 285 10 46
+52 712 431 2069
+52 (245) 532 5864
+52 897 672 2974
351 268 14 89
(475) 502 7733
+52 (570) 504 4454
+52 512 838 1229
+52 577 511 8976
719 670 84 51
(727) 856 1857
(448) 705 5619
+52 286 297 9360
812 301 61 60
+52 (844) 754 3467
7489225962
(662) 428 6785
7623974642
(727) 878 5844
+52 (348) 617 5295
+52 (260) 397 7363
+52 835 778 6741
+52 844 802 1190
(451) 536 3194
+52 355 630 3037
4718501602
4375925468
658 718 72 23
575 459 18 87
8868284733
3897582296
+52 747 636 6160
+52 444 433 7976
(224) 969 9582
+52 689 497 5240
+52 (241) 259 1192
+52 687 872 4822
7968046223
+52 451 432 2558
8784477641
+52 (201) 768 4765
+52 (603) 228 9206
+52 321 774 6616
7673838966
+52 346 231 4952
+52 (569) 436 6154
9894996614
+52 (404) 802 6106
+52 630 583 8901
+52 882 974 4038
5195643983
+52 934 268 3419
+52 (250) 392 5044
+52 209 315 8443
6997271107
+52 541 494 4509
+52 (652) 808 1231
+52 (925) 827 8039
+52 485 763 1575
+52 759 516 3958
(624) 504 1175
(380) 609 8302
+52 (377) 799 2106
+52 921 896 4092
+52 984 609 3999
+52 988 605 1570
+52 (266) 503 2268
+52 (750) 986 2828
+52 330 502 9193
+52 335 956 9684
+52 (872) 975 9822
+52 (792) 519 1929
2224679111
+52 731 285 4377
+52 887 850 7773
+52 961 419 6386
+52 (533) 832 5484
+52 352 382 2034
(899) 338 9467
+52 970 926 2409
+52 831 898 6296
(489) 575 1292
8089933935
729 774 31 72
596 773 63 20
7469501984
3088091266
903 808 26 86
6023284906
+52 578 818 1594
748 406 13 87
+52 230 577 4685
9275082854
6806237356
+52 706 898 5553
+52 517 967 4985
+52 780 962 5009
9053014542
884 774 73 97
+52 860 439 7873
+52 925 613 3220
7734605912
+52 993 883 4180
2916698364
9779719921
+52 967 904 1976
(274) 632 5921
+52 471 820 8731
(735) 388 4948
+52 490 641 9118
+52 760 690 4798
494 276 29 26
774 861 65 99
+52 876 929 7065
+52 389 620 6869
+52 870 313 7748
2158741950
761 431 46 73
+52 805 829 3456
670 946 82 15
(465) 809 1505
777 891 58 63
5345571663
+52 (876) 433 3497
+52 (318) 677 8735
+52 289 445 7562
+52 (322) 827 1833
+52 (911) 577 9926
+52 614 641 4486
+52 566 484 3054
+52 779 703 2898
+52 833 633 4804
+52 940 458 6204
+52 943 388 2307
+52 721 381 8190
+52 924 847 6916
(710) 978 5336
+52 459 801 3946
(729) 373 4349
887 932 55 09
+52 (650) 692 2879
(780) 859 5666
+52 395 752 4348
(712) 204 7018
+52 857 800 6584
275 325 99 67
+52 706 715 4527
+52 (881) 791 1016
+52 (707) 240 1557
+52 655 434 4553
+52 506 752 9739
+52 399 934 5793
+52 411 675 2860
+52 959 310 1817
6853175503
(726) 503 5712
+52 (275) 969 7631
+52 (286) 583 1620
+52 (489) 480 4373
368 834 97 58
5213371714
(317) 542 6058
+52 744 642 1397
+52 (930) 940 6408
7404874572
+52 202 236 1758
+52 (417) 848 7041
+52 (253) 819 8101
+52 365 516 1642
784 792 56 12
(326) 711 5512
764 605 20 89
+52 (271) 403 3923
+52 208 642 8076
(398) 693 3677
470 837 20 08
+52 820 261 5036
+52 (920) 961 4674
577 722 47 86
258 541 29 19
+52 920 390 6374
+52 538 279 4665
5246646590
+52 (202) 614 3775
+52 (411) 997 5316
3342868484
+52 731 888 6698
+52 969 306 2329
(956) 996 5473
+52 (344) 456 1209
+52 721 893 5686
278 801 67 77
+52 332 350 8516
285 226 12 90
+52 (528) 655 7324
(328) 469 8289
(338) 754 9191
(490) 707 3753
(602) 555 5354
+52 553 897 7553
+52 (280) 686 5632
3147072194
5872662349
538 606 13 77
(471) 991 6670
+52 (415) 202 8956
+52 364 779 4191
+52 339 364 5106
+52 (576) 926 1122
+52 287 679 4389
+52 348 444 3838
+52 (664) 690 1251
+52 803 307 9474
+52 919 418 3944
314 880 27 27
+52 614 360 2473
+52 296 950 7558
+52 291 641 3736
410 769 51 17
+52 (229) 254 4982
+52 284 761 5490
+52 264 860 7952
6349206474
8566318855
+52 936 533 5804
(807) 867 9584
6537578697
3065518414
7993978250
363 934 45 06
595 522 25 92
+52 435 359 2866
9707148577
+52 444 221 4973
428 522 33 03
516 401 28 15
(803) 842 6764
+52 790 520 4914
+52 (263) 689 2771
7229425812
732 479 23 03
736 721 24 40
303 431 72 24
+52 (649) 784 5085
+52 (264) 509 4415
+52 (975) 241 8268
+52 (757) 708 7549
(708) 465 5743
+52 (659) 496 8708
+52 827 218 3300
+52 938 317 1759
+52 (273) 818 5334
338 283 63 20
+52 892 743 3790
+52 507 465 7634
+52 852 677 3785
+52 345 906 5924
+52 (256) 993 6333
+52 825 276 9684
670 736 28 94
+52 938 384 5765
9256742200
+52 293 448 4082
+52 957 761 2389
+52 (550) 901 2071
886 800 21 07
+52 (937) 550 4244
+52 (364) 281 9958
+52 915 694 2639
+52 (455) 889 6983
9569015343
+52 208 549 3935
+52 (647) 662 9821
+52 846 634 7848
+52 999 213 5170
+52 756 359 1667
(709) 228 8459
+52 203 287 7291
991 369 19 67
+52 775 448 2390
+52 773 446 7446
425 821 21 38
4056171990
345 285 33 26
781 989 15 13
+52 (669) 656 9558
+52 207 388 9242
+52 581 786 7301
(671) 516 6364
+52 (302) 511 3484
+52 (312) 484 1831
+52 996 614 8075
+52 550 555 5873
2078146494
+52 (857) 543 5596
+52 (521) 702 7706
+52 530 682 3827
+52 687 704 3151
8245383511
845 544 49 63
510 534 56 85
261 725 96 61
347 778 55 68
+52 (308) 370 6345
(706) 235 4329
613 368 25 95
+52 393 367 2897
+52 208 783 4937
(588) 938 9305
+52 879 348 8745
+52 (266) 785 6740
(445) 463 2447
2523567030
9562199852
+52 925 621 6960
+52 360 780 7589
+52 684 533 8943
+52 318 720 6617
+52 560 754 3992
+52 308 336 3598
428 756 21 49
+52 616 422 1918
(570) 509 3526
(464) 849 3112
5726106355
(275) 974 6689
(262) 547 7473
+52 896 770 5016
+52 557 739 9000
+52 (411) 490 2079
+52 811 753 4595
+52 315 399 2354
4396205605
770 370 73 56
+52 619 694 2122
+52 560 325 9339
2275121544
(921) 917 7044
+52 552 933 1557
+52 816 924 6625
+52 (223) 973 8020
+52 694 958 7775
+52 (534) 256 7697
640 853 12 59
+52 232 937 8822
+52 337 510 4222
+52 (850) 869 6092
+52 939 759 2044
437 386 90 34
8214403992
+52 (272) 677 6972
(400) 375 1818
465 991 12 10
+52 (849) 831 3401
7852219619
+52 990 800 3906
+52 (965) 202 3240
(607) 332 6933
+52 433 440 3530
+52 380 221 9013
2516852667
+52 497 639 5779
+52 396 252 4052
+52 372 723 8818
4926194541
447 818 30 00
+52 616 826 3207
+52 789 411 5787
+52 993 618 5248
+52 637 292 5300
5446322714
+52 418 874 3948
5223777780
+52 414 284 3721
+52 833 567 7334
+52 647 726 3876
(511) 934 9727
+52 (692) 987 9644
503 376 73 47
(345) 919 8113
(839) 515 5176
+52 972 666 7902
7937213946
851 308 85 94
+52 721 721 2169
(220) 401 4002
+52 (508) 445 5910
+52 830 847 1341
+52 (513) 989 6600
+52 991 646 1062
+52 (518) 951 2085
+52 656 483 4786
+52 250 892 2587
+52 921 640 4080
+52 (747) 407 5081
9312899422
(818) 875 8046
+52 (832) 902 8202
564 478 24 57
(887) 307 9113
+52 359 693 4593
+52 (794) 886 1228
+52 924 204 9978
+52 (383) 666 3726
+52 847 225 5911
+52 941 514 2004
+52 (250) 412 4407
323 563 72 29
+52 589 514 6176
295 397 93 47
2284803363
259 534 88 69
468 422 84 07
4727383467
+52 397 761 6554
(246) 853 6410
6386531608
5623696818
+52 727 956 9116
(554) 246 1047
730 598 72 90
+52 640 338 6221
+52 844 445 2228
(675) 687 1389
(707) 512 3136
3833715332
+52 499 640 4101
(288) 799 6445
(911) 521 8327
+52 902 664 1777
+52 362 782 6910
+52 600 291 8825
+52 (645) 324 2120
+52 634 223 3434
+52 (856) 529 3724
(876) 765 3970
2463308576
+52 906 658 9604
+52 (351) 269 2642
+52 (576) 210 7085
+52 358 946 1546
+52 942 898 3972
+52 428 566 2321
3255771602
(888) 417 8684
+52 406 942 1833
5503889644
+52 356 580 7271
3366385342
417 324 28 74
9414711026
(205) 714 7450
(628) 959 8667
+52 (876) 275 7383
+52 (890) 400 6390
+52 437 925 4097
+52 (951) 756 6742
+52 554 360 5212
623 581 50 08
+52 204 648 1412
231 335 19 15
3366075175
905 615 62 68
+52 (286) 902 6023
2644288600
+52 240 987 8182
9798265821
(473) 472 2499
+52 (794) 488 1273
+52 (908) 804 9945
+52 389 274 3814
+52 (910) 645 5175
+52 561 804 1994
+52 962 634 6704
(772) 237 3246
583 237 30 83
+52 408 770 3859
+52 349 214 8325
(272) 650 9920
+52 802 226 2941
(474) 743 7733
8688579693
4388121092
+52 (903) 363 3523
713 510 25 05
6309144017
+52 530 884 6793
620 315 43 62
+52 357 812 9616
+52 863 681 8094
3429351981
542 675 96 68
(597) 302 9602
(210) 325 6000
6932543241
+52 (565) 323 9987
3875341417
+52 973 266 8751
(661) 877 7668
+52 (942) 497 8455
+52 (344) 233 6775
+52 (785) 798 4696
+52 (687) 801 4705
+52 (528) 445 1324
+52 843 529 7388
+52 (679) 706 7925
(977) 782 9932
+52 510 442 1682
+52 331 329 1462
284 367 23 65
(828) 761 7487
+52 684 917 6247
+52 905 797 7869
+52 (556) 288 3391
+52 (259) 898 5156
+52 575 658 5159
310 229 97 49
+52 (218) 692 8507
7836416108
561 647 19 62
+52 375 525 7193
+52 (836) 303 5532
9123481796
(528) 416 3932
(605) 217 1393
+52 267 719 6722
+52 421 847 8219
+52 (612) 365 8086
248 714 75 50
+52 (514) 242 7427
+52 936 494 5417
8247435609
+52 (855) 915 5642
+52 (922) 449 2709
(526) 856 2064
768 994 79 56
+52 422 283 1964
+52 (845) 236 2503
+52 (487) 323 7834
228 567 33 95
+52 803 768 8089
327 934 91 88
+52 267 896 7324
+52 427 242 9793
+52 647 299 7369
+52 (352) 361 4974
+52 278 215 6593
(239) 864 4624
5215003115
6329404760
315 488 17 23
8515568348
342 665 84 23
+52 200 381 5618
5839843634
+52 663 645 2704
797 520 57 75
721 700 25 88
(879) 279 3946
6776709045
+52 866 223 7158
(825) 651 7992
+52 655 795 2390
+52 958 524 8693
(738) 804 5049
+52 (561) 390 1907
+52 660 746 7120
+52 503 530 9667
+52 400 929 3325
(742) 698 7520
(540) 885 3648
+52 (478) 926 1820
291 546 51 49
908 636 69 88
5036208196
+52 609 617 2819
8764707998
+52 (974) 277 4337
4164095749
8878171443
+52 (680) 273 1906
(806) 496 9709
988 265 81 85
(384) 741 6753
6857521652
+52 (462) 231 8314
+52 (428) 695 6442
+52 792 337 3407
+52 (435) 893 8481
+52 756 209 8318
+52 776 266 9279
+52 611 537 7293
6585216502
(309) 750 6993
(477) 718 8468
826 364 44 41
9328409144
628 690 28 85
(334) 907 7101
755 611 27 77
+52 488 243 3024
+52 (422) 745 3685
778 543 74 78
+52 684 865 7740
595 680 25 31
+52 (521) 434 7095
206 277 41 86
+52 (855) 853 1438
(792) 535 4092
(643) 926 6936
(964) 787 4404
382 604 33 12
3966233241
+52 (355) 875 8261
+52 644 403 4307
(758) 913 4814
(869) 912 4970
3023619699
4515383690
+52 (339) 577 2121
+52 (557) 695 8470
+52 (852) 962 6953
810 682 64 93
+52 448 259 8867
+52 903 550 9910
(508) 304 4714
+52 (956) 320 7901
+52 229 768 8287
2768729777
+52 756 709 4025
+52 (546) 808 7989
+52 (734) 473 7117
+52 438 202 9350
+52 217 377 9723
5954234378
(685) 369 8533
+52 238 300 3715
720 592 94 38
8014521202
+52 (312) 409 5256
581 871 95 99
(225) 210 1849
9879997915
+52 919 727 8412
8017986801
8546415405
8685374406
+52 272 925 4746
(411) 843 1604
8894447687
+52 (321) 856 1090
+52 (857) 510 3802
+52 (933) 265 5630
+52 680 769 4569
4024583033
(539) 727 3688
283 896 52 82
+52 508 299 8220
+52 269 302 1641
+52 905 523 7629
5829147541
+52 (337) 956 9763
+52 (251) 828 8978
+52 (315) 481 1065
384 499 15 30
(535) 767 1047
+52 (895) 611 6028
(556) 686 8761
+52 (501) 863 2541
(451) 411 3230
605 692 59 60
+52 (873) 354 8283
8604992768
+52 673 493 6192
4722351938
8563263693
(639) 602 4458
+52 833 608 2274
+52 664 708 1382
7775842877
5082985346
+52 (919) 865 6646
641 733 34 78
669 990 21 93
8972699226
+52 797 624 7089
+52 448 752 4790
+52 295 419 2535
(211) 920 7710
8516209654
6858155092
5666943207
+52 (218) 466 9054
+52 998 823 6555
+52 276 580 7120
7602547227
9665331553
2372631011
+52 207 338 4809
(326) 615 3926
645 268 50 24
+52 800 552 5376
(694) 828 3824
+52 725 269 5584
851 786 70 86
9197175938
758 870 24 77
910 876 54 06
+52 (681) 386 7330
+52 286 643 2248
(949) 833 3274
+52 801 654 8588
3677547181
+52 704 831 8446
(681) 963 4221
2329086977
222 327 42 21
342 745 64 69
+52 (885) 311 4972
619 797 44 99
+52 (986) 617 8690
+52 321 253 1192
(305) 452 8877
+52 299 444 6985
872 415 83 53
+52 (216) 772 3431
6985819777
+52 566 276 4533
(499) 535 8687
+52 391 803 4756
+52 727 535 4370
+52 705 424 8664
+52 799 613 2506
+52 770 755 7652
797 674 62 87
+52 (391) 483 5070
+52 (528) 249 9846
(491) 810 4630
950 263 24 16
(912) 264 6438
+52 817 653 2752
717 333 52 48
+52 843 621 6323
+52 (531) 535 7860
+52 (915) 417 1784
+52 692 816 9952
465 713 39 04
3109235997
+52 447 733 7040
+52 960 568 6233
9766645695
+52 434 944 7010
(968) 590 2101
4582654795
+52 (838) 650 3678
+52 765 602 7693
+52 (667) 785 3625
+52 736 225 7703
+52 (476) 866 2020
7787871841
4318475640
+52 (301) 892 8559
(604) 474 2580
+52 263 235 7434
(690) 827 1261
(894) 665 4006
+52 (774) 808 5529
+52 331 982 4383
+52 (863) 965 9977
9175804126
+52 (959) 980 7763
+52 858 648 9466
8563876412
5204186244
8725298006
(599) 957 1014
(754) 384 6575
+52 498 863 5954
+52 (287) 370 7988
+52 296 277 4547
(889) 642 7451
+52 871 746 4605
+52 264 278 4068
433 730 18 39
+52 656 893 1584
314 542 72 57
+52 937 203 8670
+52 664 427 2962
+52 (705) 300 6033
(483) 291 6849
(894) 672 7462
5317549501
+52 693 998 9757
(600) 560 8927
+52 295 521 1624
7907658640
+52 (499) 224 1963
+52 446 460 7631
(624) 427 2151
875 520 28 99
458 708 70 74
4345124173
6348819426
6653308277
+52 (703) 859 2014
580 616 12 06
6072473520
+52 426 982 2343
+52 (755) 520 8583
3695196892
+52 819 699 9526
(471) 503 7308
483 563 13 76
+52 323 593 6316
560 848 70 70
+52 975 664 9683
+52 (598) 637 7601
536 321 41 85
7185331400
+52 (338) 915 8951
+52 563 681 4010
+52 339 744 7994
(253) 454 9828
+52 246 850 1236
+52 808 907 3083
+52 (664) 619 1765
+52 495 325 9048
(391) 501 5708
+52 556 594 7046
771 560 14 41
+52 (286) 343 6257
5689654480
+52 207 986 9658
(959) 535 4859
4655387936
955 879 68 34
+52 413 382 3466
+52 (897) 937 2385
+52 (566) 909 8191
+52 (963) 599 9712
437 434 78 67
+52 (937) 349 8578
486 475 33 31
7145434887
9754332701
+52 294 461 6995
+52 520 930 7642
310 938 37 62
+52 609 693 9943
+52 914 249 1680
+52 (830) 519 5338
+52 933 798 6638
+52 562 286 6014
209 543 95 98
+52 953 861 2660
+52 (905) 311 9730
+52 606 849 8464
(312) 245 2838
+52 (636) 673 4691
(539) 644 4158
+52 327 295 5156
+52 691 943 5502
7158413480
(851) 539 4517
8467112599
+52 472 208 4105
+52 537 302 9741
(694) 577 2494
4712797431
7567884846
216 456 97 72
+52 237 392 2302
(356) 813 1209
2175995627
+52 (831) 413 7782
631 674 96 12
+52 282 398 6254
7058088381
+52 744 929 1974
533 782 16 92
4945463994
6534617452
+52 (847) 416 9093
957 890 49 25
4107333441
+52 (401) 853 3458
(908) 204 8903
+52 (338) 752 8007
+52 346 281 9570
+52 919 748 2703
725 225 47 11
+52 707 308 3097
+52 843 419 5243
(607) 795 9289
+52 902 353 3279
+52 372 536 4418
+52 268 905 4925
+52 679 774 7972
(891) 542 5452
235 644 73 82
(513) 443 3163
650 462 99 49
+52 (349) 754 1795
+52 (488) 213 8177
+52 961 361 8562
+52 (816) 438 4618
+52 693 356 3780
+52 488 544 7776
687 526 12 26
693 203 63 86
3688326932
972 730 92 18
837 826 92 03
(954) 587 7656
578 447 25 50
(745) 470 7703
300 316 56 67
+52 211 565 2842
(628) 619 7303
7356512313
+52 (496) 758 8272
9275313132
8424221860
+52 (224) 611 9085
577 594 56 91
684 424 39 55
+52 814 973 8692
+52 778 542 9732
+52 722 520 6167
+52 (925) 201 3833
+52 878 993 6951
219 904 60 50
239 334 77 76
752 476 33 06
+52 (750) 942 5873
+52 454 928 6608
456 383 14 72
+52 856 336 5642
+52 (356) 279 2525
(975) 434 9014
+52 518 792 7403
9677321843
+52 414 789 8109
8936322251
4254608020
+52 767 328 9909
8068107349
(465) 615 6064
+52 (340) 609 7351
(914) 513 6086
8577407489
+52 866 676 4989
(785) 969 9792
(867) 244 7442
879 734 32 60
+52 859 282 1957
275 540 66 07
+52 815 213 3056
+52 446 229 9142
+52 882 726 4958
694 856 22 17
(581) 630 6764
+52 (934) 630 4498
+52 206 255 3944
+52 (335) 309 4564
4546027306
457 599 64 91
+52 469 423 8352
8176572117
+52 (954) 443 8201
+52 551 925 7168
(358) 937 9593
5118815545
(920) 925 7323
+52 387 222 2248
+52 (690) 342 6890
402 249 25 65
664 979 58 12
9915638512
650 694 42 67
+52 970 940 6719
6383598287
+52 429 814 3985
+52 952 744 4003
+52 635 651 9584
(806) 867 2662
(592) 759 9455
9788049570
+52 (900) 768 1992
+52 705 727 9231
9454362636
7925958845
6652196603
557 612 68 54
+52 913 906 1697
+52 434 291 7492
+52 (235) 945 4319
+52 573 241 1149
+52 826 345 1618
+52 (488) 640 3804
+52 (320) 659 9667
+52 (916) 934 6652
2357612184
7224857203
940 413 11 84
597 314 63 45
+52 623 936 3843
+52 (528) 253 3899
2159677869
+52 643 650 8575
+52 750 689 5371
596 811 45 50
(219) 495 3007
9022452717
+52 721 714 6011
933 651 24 85
+52 604 268 1182
9666564650
+52 (974) 845 6523
567 921 17 29
+52 312 676 4347
(566) 977 2702
+52 636 505 9829
779 812 94 31
499 329 45 39
+52 (775) 375 5918
+52 (571) 886 4647
(804) 525 7890
+52 (542) 205 4790
(933) 208 2473
(927) 286 7508
(891) 808 2086
+52 (450) 855 9520
3867911290
+52 (914) 504 8952
+52 769 330 3238
9819631277
(237) 403 7548
+52 (968) 594 6103
+52 (428) 676 5996
+52 400 923 8813
+52 (570) 751 3433
4728883348
6669458738
+52 393 658 8013
(721) 526 9966
(306) 463 9744
2526374865
4332569805
(871) 534 6265
+52 858 789 1000
+52 (352) 778 2045
+52 262 504 6534
+52 551 381 5827
2773907761
7113669046
3783466775
+52 668 499 3730
+52 829 892 6021
+52 (344) 666 6900
+52 (857) 503 6931
9982188449
+52 955 699 2258
761 215 11 18
847 266 35 96
+52 735 888 4656
+52 (228) 647 2851
+52 (989) 414 5666
5138417486
(588) 667 5695
+52 762 297 3684
(277) 367 9904
(474) 554 3047
321 389 76 40
+52 607 770 1523
(748) 801 5247
+52 (649) 911 8071
565 650 21 76
+52 (528) 673 6913
+52 659 794 1020
+52 (965) 301 3803
3248164538
764 635 67 16
+52 599 793 9385
+52 766 298 3492
288 415 76 57
+52 240 796 5030
+52 439 452 5559
(631) 787 3579
(514) 999 5635
(350) 740 1149
4375483974
7447285294
(273) 520 8572
3678279469
8482737488
(894) 746 6790
3486959966
+52 783 517 2304
6015966818
+52 595 382 7018
+52 708 924 8027
2985935785
+52 692 968 9170
912 269 66 67
+52 546 657 6437
805 625 39 91
9615802912
+52 696 760 7138
+52 (626) 997 5915
+52 501 648 5859
+52 (722) 879 3200
(614) 613 2044
+52 (737) 783 3957
584 617 18 77
(237) 665 9708
(450) 515 7885
+52 738 332 8794
+52 294 844 1569
+52 (288) 980 4879
602 337 65 64
4366226750
+52 (922) 925 2261
+52 (344) 665 2686
+52 (212) 618 2058
285 556 69 62
+52 857 613 2617
8822562075
(464) 595 8053
(208) 816 1654
+52 915 952 6931
605 256 78 38
2359974736
+52 887 869 9993
4512833551
2966602787
(497) 796 2526
+52 504 928 3335
+52 948 747 1463
+52 889 694 3714
+52 351 364 3659
+52 554 955 3075
9809194143
+52 320 433 7655
(820) 452 5784
6247382832
660 779 44 70
5546518156
+52 229 657 5134
833 899 63 25
+52 285 538 9621
+52 (593) 739 1303
+52 982 390 7207
+52 630 805 1618
5526273213
566 604 54 32
2609388932
+52 (388) 581 1374
+52 (903) 200 6391
+52 797 695 3379
+52 (583) 578 9970
+52 (408) 929 8665
+52 246 752 5929
+52 641 525 8887
+52 306 404 3556
3412809662
(215) 745 7934
+52 864 893 9762
+52 (963) 309 9731
+52 860 903 1437
8727068608
+52 871 515 1799
+52 287 457 3292
+52 (276) 820 6088
+52 278 295 6105
(614) 602 9288
+52 782 351 3754
+52 766 635 8710
+52 633 208 2716
(538) 285 3191
6408174401
+52 (681) 743 5442
559 650 34 48
(568) 908 4485
+52 291 867 7999
(949) 497 9975
+52 535 317 7523
673 229 93 82
+52 763 891 9752
+52 (622) 210 8086
+52 376 661 6379
892 315 45 26
+52 557 226 5940
(413) 511 2551
+52 932 937 8856
+52 473 838 3394
935 550 76 53
+52 863 680 4184
+52 (262) 726 7050
+52 331 229 5867
(488) 891 6898
(220) 399 3531
(867) 544 7856
+52 208 323 4490
980 556 31 07
380 486 31 51
2322543680
9955599514
(508) 518 5194
(272) 419 8091
(813) 664 8679
+52 415 675 8439
997 628 71 91
837 680 65 20
+52 (209) 814 1957
+52 787 417 3183
(544) 984 4123
(497) 355 3395
(528) 891 3884
9217022475
+52 681 860 9667
+52 (661) 360 1028
208 551 56 43
(888) 498 1778
7105759396
+52 (604) 408 7051
951 442 18 11
+52 784 658 7982
+52 994 528 3665
+52 200 294 2807
2274571762
+52 577 356 1135
+52 765 484 9624
(251) 578 5966
5165853187
7664453174
(224) 943 8752
+52 (910) 482 2274
830 852 69 91
6367118109
(659) 643 8536
+52 843 427 2762
(382) 665 5980
+52 428 890 5768
893 816 46 23
+52 647 332 4550
+52 422 948 1850
+52 905 559 6313
+52 566 561 1473
(408) 695 3488
(375) 254 5574
(353) 833 8870
+52 887 483 9243
+52 (580) 777 6443
593 644 92 98
+52 751 420 6641
(850) 303 3127
(485) 414 1221
+52 624 219 9814
2075552033
+52 (663) 216 7509
786 712 86 38
+52 (921) 533 2345
+52 484 685 4441
+52 893 397 9340
+52 (659) 731 1231
(881) 405 3531
+52 (575) 530 2434
909 852 74 97
(526) 276 4077
+52 728 383 2688
+52 226 606 2414
5029292080
(427) 410 8999
+52 448 589 4282
+52 775 854 6122
+52 884 234 5885
909 410 90 25
+52 487 468 7483
522 331 29 58
+52 (774) 702 5633
+52 486 510 9893
+52 936 443 4075
+52 538 286 9826
(317) 636 6927
+52 266 468 2287
369 657 45 71
792 701 50 84
3416468219
(853) 345 7533
+52 775 946 5250
(630) 270 4465
212 876 20 13
2856999482
+52 502 319 1436
+52 389 596 8979
720 351 20 03
8569998239
+52 382 695 3554
+52 235 478 6911
(842) 944 8193
+52 673 386 1194
(732) 637 1250
3993628087
568 365 83 97
+52 (318) 432 2769
+52 (460) 454 4917
5853601698
+52 799 442 1986
326 604 58 48
8622498189
+52 494 360 9214
438 898 66 95
+52 775 353 8626
221 321 60 57
6668822098
557 628 69 54
+52 573 843 8527
8156168219
+52 861 912 1775
+52 274 556 4392
+52 517 844 3034
+52 428 537 8904
+52 614 542 3670
+52 659 421 4884
+52 (861) 923 2617
7332048773
+52 306 801 2499
+52 (849) 992 8365
+52 913 692 6284
(718) 349 8848
6755524843
4673943293
(939) 349 3179
+52 (698) 623 6232
(476) 872 9214
362 778 88 07
998 382 87 72
(583) 996 2573
4852671014
9044468255
9618207931
+52 (789) 934 9969
(921) 421 6998
538 885 86 21
+52 446 274 7965
(428) 908 8411
(669) 275 5753
288 997 10 86
+52 515 538 2957
858 380 78 79
+52 965 657 6424
773 258 43 29
788 770 11 12
+52 (616) 861 1262
+52 (476) 425 9697
+52 826 450 8066
+52 523 494 8521
+52 (918) 290 5424
+52 (654) 879 5306
(797) 207 9673
5217687631
274 578 78 95
8319977195
481 867 78 19
8964712320
+52 696 649 5561
7294118185
9863944432
+52 (468) 272 9632
+52 (832) 847 9964
+52 485 409 9304
(610) 599 2702
4436038204
6365497913
+52 (557) 485 3244
(724) 866 7807
539 898 16 02
6736957112
9315309935
6557161650
+52 565 629 7139
+52 311 775 4064
9512051249
+52 763 843 4389
6249241367
+52 307 295 3591
5858073379
+52 914 984 6091
+52 (685) 362 8228
+52 (926) 468 7796
295 535 13 23
764 543 89 46
(451) 584 9961
+52 428 928 6129
763 392 74 55
(856) 950 4042
+52 420 505 9430
9364157898
(510) 325 6877
+52 (800) 276 4506
9165442845
+52 742 554 2388
761 871 31 83
5628426806
8697098888
(573) 742 1704
+52 410 634 6810
+52 268 462 4976
7335167811
630 708 12 60
4738332586
+52 424 370 3360
5514263964
524 787 51 59
+52 (469) 885 7978
+52 (423) 890 9099
568 519 36 38
(574) 674 2674
+52 299 263 1326
7615097653
+52 967 776 5376
500 470 75 91
542 572 27 57
+52 323 339 3127
(867) 470 9271
(741) 230 3199
(910) 528 4466
+52 714 307 7313
+52 426 283 5832
(420) 308 8079
+52 (354) 752 5814
+52 (450) 385 9548
+52 578 347 4736
(659) 336 7974
+52 698 903 6445
+52 985 753 1231
+52 785 402 1978
(549) 244 6109
+52 817 364 2387
3245483284
(821) 480 8776
(875) 394 1405
+52 (200) 953 6121
+52 (981) 858 4155
+52 (791) 480 7819
(701) 212 5513
(809) 635 1130
+52 629 611 6169
9246566572
+52 293 228 4331
(405) 268 1436
978 642 94 41
417 295 63 23
+52 364 423 4124
+52 684 396 4023
(904) 857 5403
+52 797 498 5127
+52 659 582 1614
+52 (343) 786 1006
351 571 39 44
9687124294
745 441 70 71
(864) 407 5823
+52 (614) 378 4808
+52 (473) 460 6415
+52 (408) 740 2845
+52 (656) 803 5990
+52 961 254 3992
(761) 899 5188
+52 (516) 781 2913
533 355 37 41
746 725 45 49
+52 (486) 934 3848
3687627733
+52 312 771 8246
(579) 215 1526
9262667968
3157827407
(910) 330 1920
(910) 566 5159
+52 (437) 839 7729
725 395 24 18
+52 341 929 4668
6166597200
702 750 62 65
+52 (815) 964 6566
(359) 886 8272
+52 423 232 3812
397 295 43 25
585 848 76 37
+52 971 887 4770
+52 (434) 382 8060
6362452130
+52 (542) 272 9813
(896) 291 7066
+52 491 871 1610
495 428 82 37
274 321 37 92
8397835361
+52 563 297 6730
962 776 77 06
+52 343 824 9037
652 993 83 11
+52 763 956 1703
+52 342 381 4180
+52 796 273 1558
2204565283
6149895501
(206) 885 6826
(530) 501 6506
(202) 793 8633
+52 (345) 550 3528
5382697232
+52 568 506 7709
277 997 93 96
+52 (275) 504 9797
6005308208
3423019592
9442126743
+52 418 577 5896
(992) 237 1318
9822992015
+52 620 455 7531
+52 737 550 2578
+52 531 506 9619
+52 633 498 1256
(227) 818 9370
+52 723 455 7513
2233439744
8915762302
+52 (462) 331 4280
(821) 500 2370
4933487729
+52 870 825 6721
+52 572 806 5531
(990) 341 8009
+52 968 416 8594
+52 245 391 5563
(986) 429 2235
+52 (342) 339 9745
(572) 342 2248
3974197501
910 265 82 20
+52 758 358 6171
316 924 52 11
(379) 544 6725
3964685663
+52 (994) 460 7470
+52 807 729 5129
+52 (790) 309 5228
415 348 78 19
629 269 19 16
(573) 244 1058
962 463 59 92
476 452 14 38
+52 661 220 7616
+52 294 304 4004
802 786 76 54
4209265146
2097072447
248 474 69 62
4974616925
+52 419 613 2971
+52 (491) 836 2940
+52 655 718 1333
(501) 830 1186
236 792 75 96
+52 (466) 307 5196
+52 790 407 2007
8937198275
+52 241 991 6455
+52 841 958 2406
786 653 62 67
+52 (876) 850 8657
4498214860
4687402078
+52 648 672 8259
+52 (591) 393 4908
+52 774 408 1863
(347) 588 6692
821 991 44 94
704 456 77 31
+52 (422) 515 8278
+52 818 374 2886
+52 (296) 206 8846
+52 997 427 7119
(943) 560 7437
+52 (647) 658 5331
+52 283 976 8506
+52 (953) 770 9967
+52 421 388 5642
921 524 99 93
(200) 988 9554
241 698 63 01
5832152149
4567867304
(807) 917 1426
+52 (827) 770 2804
+52 615 512 8019
+52 (468) 592 1500
+52 895 538 9517
+52 (803) 220 3413
(671) 421 2922
9096841901
240 353 42 96
(705) 572 6213
6246189433
+52 555 329 5552
266 560 91 92
(566) 845 2992
+52 317 235 7979
+52 567 378 4814
+52 910 236 9411
+52 (598) 601 9573
(381) 876 1793
+52 546 619 9562
939 652 77 46
3714715171
326 503 34 47
8868025496
465 974 38 61
4246367563
+52 (423) 703 7536
+52 222 937 5888
5426966704
5354723040
7224892972
(646) 682 6072
(693) 701 6017
+52 989 836 2311
+52 752 853 8558
207 311 95 27
+52 906 733 9897
+52 690 862 5713
(375) 641 1423
414 249 24 11
+52 710 605 8426
+52 784 457 7592
+52 (258) 607 8668
927 718 48 37
5328946184
+52 (611) 852 8157
+52 624 522 7184
+52 959 980 7281
+52 (515) 478 2611
+52 (777) 527 1020
235 275 85 18
4206597642
+52 (594) 778 5471
+52 909 666 6671
244 903 15 47
3955807809
+52 465 318 6196
+52 650 273 2265
2598826646
5654842675
958 486 44 09
394 729 81 65
+52 966 574 8670
3978508776
(937) 998 8632
+52 211 848 7558
4167962662
(918) 603 7115
(670) 977 7242
(876) 310 5821
+52 (871) 364 3515
7015384605
(391) 393 1645
+52 (715) 501 9180
2687218458
6324046938
+52 671 775 4742
503 316 92 53
+52 336 386 5926
+52 (344) 446 1851
592 369 10 49
2672363352
(890) 347 7172
+52 262 736 1849
4406968220
+52 588 341 1334
+52 746 206 1416
5963225070
271 691 54 33
+52 562 832 2836
+52 (274) 537 6849
(574) 809 6149
872 525 50 54
9407058511
+52 660 972 6229
(863) 381 2150
246 771 56 95
+52 476 775 5962
(579) 922 8410
2266616458
+52 852 607 7019
(594) 786 8117
(321) 732 1816
(885) 511 6043
6222894214
+52 232 845 7347
(233) 268 6571
+52 (833) 256 2899
+52 724 317 2620
+52 (261) 412 3239
+52 851 353 9190
+52 204 436 6508
949 563 56 01
+52 370 707 5067
+52 918 697 2435
3327035448
(610) 247 7497
+52 975 201 4036
+52 (903) 893 2111
(590) 788 9486
594 311 40 10
+52 334 797 6683
626 545 34 46
+52 404 317 4372
+52 671 658 6101
+52 (606) 637 8969
244 760 70 51
+52 230 324 6016
(647) 801 1196
312 537 20 58
+52 (436) 327 4324
624 294 53 24
+52 757 550 2093
2768339730
+52 264 783 5302
930 491 51 31
+52 835 391 2809
6176424882
564 502 73 23
384 593 13 25
+52 526 288 4691
478 328 62 58
+52 707 704 6662
+52 969 361 7337
7153919289
+52 862 584 5515
+52 866 730 4643
+52 (462) 376 7077
(297) 659 1794
(484) 651 8343
+52 (528) 541 4499
+52 710 953 7395
+52 498 399 4779
+52 721 704 2844
906 346 30 67
(760) 436 9078
+52 (544) 747 8205
+52 215 633 5100
5479917346
(906) 297 2869
3204931006
+52 (935) 279 3374
(928) 960 7840
3415976616
+52 436 970 4852
6076507557
+52 276 343 8021
(608) 928 1882
+52 788 580 4266
+52 (952) 663 8440
7557267264
(443) 734 6574
+52 688 592 4729
+52 269 601 9067
+52 687 969 1358
+52 869 324 1844
(347) 418 4493
+52 633 773 7143
3216792930
7459001690
607 549 41 25
+52 504 556 9735
250 218 36 45
+52 251 305 9017
(578) 705 2838
+52 (947) 749 4869
5838079177
(760) 650 8419
(243) 847 6182
(276) 795 4958
+52 415 532 9742
(395) 422 7149
+52 476 792 6106
+52 (594) 458 8473
+52 (842) 576 4207
6834328533
6832973237
+52 (447) 513 3684
+52 (414) 757 5284
(507) 431 9248
(664) 493 8166
+52 416 355 7521
609 695 75 67
+52 887 203 1063
5186464123
+52 870 898 1721
+52 493 523 4449
+52 359 662 8192
6036782154
2518814147
+52 (249) 446 9286
+52 953 946 8522
845 838 51 22
9482566967
+52 846 432 3775
4094132153
+52 959 356 5707
+52 717 569 6420
7137073657
+52 (720) 379 2664
(618) 593 5231
+52 986 232 5734
+52 (370) 471 8040
+52 214 540 5673
+52 512 522 6544
+52 561 251 9380
+52 (577) 886 2039
+52 (747) 826 7262
+52 (842) 938 4315
+52 931 876 3871
+52 (600) 766 9820
+52 623 485 6931
488 720 70 60
374 732 20 02
887 806 45 84
+52 893 530 2487
366 541 29 55
3957102236
+52 (386) 549 5588
+52 298 588 8826
8228708064
+52 (413) 311 4257
+52 995 545 9419
+52 (807) 857 5371
2887826572
+52 (226) 687 7816
4156121271
2303076779
3853726800
+52 680 280 1569
(898) 857 6553
+52 (423) 287 5569
+52 300 379 5335
833 773 69 54
+52 883 517 4710
+52 769 722 7226
+52 (333) 421 4242
+52 928 855 5295
+52 (453) 694 5941
(697) 255 9399
(903) 572 9494
(796) 326 4865
+52 825 977 8037
+52 987 380 3435
333 719 13 43
(413) 929 1633
(624) 746 7858
+52 937 505 1187
+52 (673) 349 3300
3342074845
(928) 646 8372
5388592577
+52 481 405 9588
(880) 476 3268
+52 (228) 879 7047
+52 (531) 258 9489
(587) 907 6426
972 228 95 99
229 596 54 41
5082843666
+52 (486) 455 9899
+52 231 509 4775
+52 866 579 6226
+52 497 302 3636
(625) 387 9986
+52 373 521 4614
(375) 509 1039
(647) 596 4619
6867023048
(590) 488 9735
513 859 62 31
527 995 61 68
461 516 49 15
(995) 308 4702
3933884800
+52 (504) 254 5678
+52 641 975 3330
(459) 291 8405
+52 676 944 7449
+52 690 277 2663
9822066089
+52 601 692 9585
+52 902 930 9614
375 886 75 98
2678397824
(662) 664 4646
221 724 30 09
439 201 40 06
+52 (562) 877 9564
+52 723 686 5433
+52 879 889 5951
+52 829 974 7686
6382397366
388 733 31 36
+52 206 741 1799
+52 (389) 629 5638
(649) 564 8318
258 928 54 82
+52 603 647 7983
561 498 66 57
716 280 27 35
+52 (804) 792 2385
+52 560 212 6975
253 434 92 14
732 847 81 63
274 353 17 88
6717186415
425 505 29 05
5296674571
+52 (517) 543 6690
+52 (584) 800 7124
688 324 55 09
+52 779 407 2253
+52 863 847 2590
2243782065
682 780 92 57
814 677 81 58
+52 499 599 7325
+52 (545) 418 9648
(624) 529 1533
579 526 16 10
+52 903 973 6782
+52 (327) 368 6538
+52 (488) 478 8265
730 554 90 74
+52 (376) 369 1518
+52 489 353 4853
+52 (567) 205 1801
(628) 700 4741
+52 599 997 8036
+52 (731) 940 2645
+52 (248) 809 1802
+52 266 959 3614
(854) 276 6808
(758) 935 9367
7633552687
7025798224
+52 241 699 6954
+52 493 233 5330
772 502 11 15
617 425 70 74
544 887 49 32
(791) 846 2389
+52 297 839 5332
+52 464 979 5503
(318) 742 9114
(805) 487 5575
(839) 652 2927
9627045190
(765) 789 8718
9673648511
+52 713 957 9505
+52 494 699 6307
+52 658 962 8012
8144372111
+52 (614) 512 5232
+52 614 324 8145
7882561426
+52 (851) 892 3681
(648) 207 5217
(207) 269 7727
338 229 56 49
453 719 42 85
+52 686 483 7536
+52 541 205 8075
+52 874 656 4676
(544) 371 4771
(775) 363 2195
(812) 525 2122
+52 234 265 5044
372 755 78 96
(237) 953 4952
+52 805 517 7662
4944186994
6049692240
707 281 41 78
+52 976 800 2640
731 568 74 25
+52 687 663 3828
+52 208 441 3635
+52 679 492 4437
+52 (908) 452 3324
449 913 95 58
+52 (410) 900 9189
(666) 394 7637
(992) 301 6813
707 459 22 23
575 907 79 60
405 844 19 74
(989) 916 4039
878 959 94 74
+52 245 289 9644
+52 285 990 1290
+52 702 985 5896
3348548484
7314944476
3806641433
+52 622 587 1282
5093715051
+52 657 702 5113
+52 221 568 2750
6589359015
+52 815 848 1584
+52 216 974 5368
8095047128
(544) 263 3007
+52 370 612 8807
+52 298 980 3332
+52 (227) 670 9277
+52 883 326 4201
972 507 90 26
+52 (742) 634 5115
336 859 83 90
+52 833 900 7105
+52 (438) 867 4267
(702) 274 6772
+52 (902) 628 2573
5913058156
9644274771
9749519641
+52 931 795 3947
512 868 91 69
(919) 993 3223
+52 352 501 3853
+52 (746) 792 1263
602 494 43 47
(993) 207 8058
(760) 878 7303
851 862 35 03
8723176010
4486474068
618 532 56 06
+52 262 263 1733
+52 (204) 539 7354
(480) 497 1898
5084091472
626 897 49 19
4813819066
620 304 73 72
325 599 11 48
+52 213 434 6048
+52 (676) 352 4554
+52 (314) 608 5955
+52 996 205 1530
328 867 11 55
(878) 270 1267
+52 686 890 6938
+52 (996) 300 5846
+52 707 386 1427
360 202 84 10
+52 796 648 5864
586 507 11 74
955 792 62 97
8836993163
(885) 824 8638
+52 459 645 2721
(616) 494 5622
707 329 50 01
+52 (250) 937 9741
9037062449
+52 935 709 3599
+52 (751) 592 8151
+52 613 682 7483
+52 718 477 4766
+52 489 694 8535
+52 749 468 1024
+52 293 853 8480
+52 (652) 893 9203
859 813 56 67
(232) 288 4902
+52 (325) 534 6495
+52 (822) 859 4067
+52 546 284 1646
(520) 709 9386
+52 (466) 287 3024
+52 329 502 9346
(268) 637 3167
+52 639 565 5214
+52 291 715 5406
7496315424
+52 (683) 560 7633
983 332 76 65
897 661 38 70
(212) 596 1899
466 403 24 48
+52 (717) 312 9209
+52 870 255 9925
+52 309 264 6178
3829385726
3022772371
5828931410
+52 249 901 8990
+52 442 940 9981
+52 (865) 286 1120
(625) 878 5390
763 602 49 93
+52 960 826 3067
+52 321 543 3907
(267) 488 2315
(490) 564 1927
6309336454
+52 396 254 8277
+52 (799) 559 6940
9483666603
3648198587
3697445318
(518) 775 1542
5623376786
+52 (959) 247 5929
3028501982
+52 (679) 764 5529
4929695201
+52 598 323 1201
843 769 56 02
+52 326 942 2487
+52 484 809 1255
+52 (829) 436 2413
(496) 640 8609
+52 711 468 3414
(618) 368 4085
+52 728 488 7179
+52 (797) 499 6292
+52 (269) 538 8142
2064761530
(927) 855 8909
2163991449
9213041885
+52 373 453 7512
439 729 85 96
263 274 76 61
+52 (505) 538 4952
+52 (212) 878 9470
+52 (961) 813 2082
+52 699 369 3821
+52 (312) 653 7134
+52 403 858 1926
+52 337 756 5367
(348) 905 1876
+52 315 999 7086
4142496500
7277986418
+52 894 330 2832
+52 218 311 6687
7725609193
5192718706
+52 (492) 918 7378
(621) 567 6890
8309224273
(577) 215 3003
674 984 78 61
+52 414 699 1478
(714) 936 1950
+52 966 549 2152
486 887 86 63
+52 876 955 9743
(237) 641 3793
2693247452
+52 805 481 5277
(945) 335 9328
+52 577 496 3767
+52 497 760 7875
948 942 76 59
(201) 838 8044
(527) 737 8880
6423581981
+52 285 211 2794
+52 (648) 353 8079
+52 874 499 7534
+52 403 500 7290
+52 (851) 844 8675
570 698 11 47
+52 643 807 6570
+52 (676) 467 3189
564 829 52 94
(485) 233 9340
(774) 817 8402
2065334285
665 661 92 51
(794) 744 9497
+52 (569) 282 4855
+52 425 944 6244
3679098599
+52 (894) 812 8421
678 333 31 55
9186974311
310 801 36 04
(366) 519 6274
+52 579 932 7378
+52 501 716 9758
+52 522 397 9526
+52 308 254 3170
8286039982
430 770 28 66
707 507 46 70
+52 313 992 6219
+52 638 430 1691
+52 (659) 279 6028
+52 (297) 581 4114
+52 847 724 1773
+52 805 656 1085
+52 (446) 359 4839
+52 311 355 5534
(254) 548 1614
(302) 489 9175
+52 409 767 9577
210 942 34 76
+52 220 302 5367
+52 (657) 505 4937
+52 314 791 3127
+52 694 904 9863
+52 (905) 324 3220
+52 285 833 3205
(781) 789 5453
+52 (210) 594 1698
+52 (555) 536 5274
+52 761 403 4346
+52 (365) 528 6694
+52 848 630 8219
+52 929 991 9170
+52 226 915 4254
+52 833 674 9357
263 923 52 02
+52 202 294 4709
+52 435 621 2967
+52 (331) 519 1805
+52 814 358 3881
(442) 531 1854
+52 529 540 4559
+52 (901) 488 8303
+52 661 526 9732
793 285 33 80
7168933819
830 761 89 90
332 920 86 32
(321) 431 1801
+52 985 587 7819
692 748 31 91
(643) 218 5829
+52 642 834 7176
+52 969 921 9339
(506) 253 7493
+52 419 829 4691
(493) 915 4462
+52 458 881 1314
(226) 568 9742
887 744 11 76
+52 359 576 2381
8905974304
+52 404 996 6883
341 931 96 46
+52 815 655 1218
+52 945 464 2647
(425) 855 4485
+52 (369) 796 8178
381 620 22 04
(828) 373 9172
+52 (771) 904 8960
(459) 547 1024
8585907481
+52 948 890 5371
5429738727
+52 681 730 8419
+52 423 520 5629
+52 964 546 8470
+52 652 550 7959
(303) 576 6979
300 642 28 11
910 933 27 35
(271) 964 9050
+52 351 633 2695
+52 263 338 1398
+52 806 696 9042
453 789 65 92
5157017819
(604) 247 9132
788 568 51 55
6419051456
+52 645 279 9652
+52 368 490 1189
+52 685 277 8103
+52 (783) 533 9721
+52 (850) 521 8674
247 792 20 74
596 454 27 68
+52 335 775 9611
+52 (363) 286 1672
237 458 12 71
8227493489
(248) 617 1161
+52 914 372 7850
+52 854 611 1474
6556906242
3657472818
+52 784 305 6858
+52 874 282 9247
+52 594 931 6339
+52 378 899 8760
745 734 78 32
+52 967 799 5137
+52 570 391 7431
+52 (713) 532 9525
9728026465
+52 783 761 6255
+52 300 610 4024
+52 654 240 6973
+52 526 271 1122
921 337 46 67
5943328929
+52 (633) 871 2013
+52 (316) 305 3200
9814412503
502 854 58 00
761 315 91 18
+52 (547) 218 3896
3413308488
567 774 19 31
+52 383 743 3122
8617934788
+52 (740) 706 3610
+52 759 633 8736
5846096411
833 817 85 29
+52 (748) 404 5504
379 379 64 30
+52 786 485 8653
+52 (366) 410 3600
794 789 45 21
+52 (583) 419 7779
(230) 890 2686
7149049733
+52 984 929 1672
9008871544
+52 (925) 927 9705
(872) 693 4891
+52 994 934 4084
404 942 75 24
+52 (909) 459 7783
6973809251
313 607 57 60
+52 (702) 506 8722
+52 494 664 6584
209 511 97 81
4467385927
+52 (502) 328 3181
8417992851
+52 724 721 7729
+52 859 297 3354
+52 610 526 6560
(916) 960 3035
+52 869 805 9125
9997531636
6778343897
(274) 788 2060
+52 (745) 373 5425
(406) 572 5106
+52 840 545 1540
9545294906
+52 (755) 597 8968
(293) 330 6134
(687) 468 3878
5886464089
+52 601 209 6061
+52 782 720 5731
+52 402 280 3758
3767256109
+52 735 472 8334
(617) 303 7212
+52 (884) 677 2910
+52 459 770 1174
936 412 33 69
+52 954 531 9128
857 249 18 51
+52 424 347 2692
+52 324 564 7109
618 791 77 86
+52 (927) 272 8080
(367) 890 3702
7723786132
+52 571 311 8408
+52 (313) 732 1093
+52 563 646 3651
+52 (291) 875 1961
241 508 76 56
(293) 221 9129
(741) 772 8815
+52 760 847 4356
+52 (283) 921 2404
(805) 954 1889
+52 525 365 5549
+52 603 697 3386
+52 (820) 525 2998
+52 (300) 502 7616
(307) 898 6388
(861) 888 4102
9542187971
+52 773 390 5790
8217296762
+52 419 935 5283
(476) 971 5565
+52 914 363 4584
+52 419 864 6193
(380) 493 7626
(367) 598 6723
+52 988 991 1395
+52 669 469 6904
+52 211 786 7182
977 985 36 15
8622397319
+52 200 815 8409
968 867 73 22
+52 578 251 1531
498 883 62 47
+52 (594) 314 9726
(501) 863 7037
+52 (308) 717 1995
+52 269 481 9016
3979593040
+52 588 549 1445
+52 833 434 7619
+52 256 715 9050
+52 (362) 839 8827
8978878800
2484995372
7416356591
+52 994 255 2738
+52 907 806 9000
+52 (616) 964 8034
2069912267
316 817 82 29
+52 340 326 8717
3868843413
+52 514 982 1040
5538007113
+52 999 679 9414
+52 941 473 3606
585 237 41 14
+52 381 628 6301
(898) 283 1966
7319611047
450 357 29 52
(361) 799 4665
+52 644 705 9723
(319) 203 6655
(201) 696 8140
(782) 920 7382
+52 524 534 8743
+52 (383) 618 9308
734 713 51 99
+52 826 297 9290
216 680 93 90
8277942439
878 321 46 71
644 850 44 53
+52 832 911 4291
+52 414 243 5393
+52 623 934 8884
492 839 56 31
3186049447
6034447106
+52 313 435 6560
+52 468 925 5776
+52 232 269 6359
(872) 721 1857
+52 (475) 797 1921
+52 729 374 5446
610 239 16 52
(600) 544 6156
+52 (869) 381 4267
+52 753 336 2900
+52 657 248 3094
654 563 78 62
+52 779 813 5781
+52 201 973 2768
6084296986
3012653392
4108683006
(489) 918 9806
5847614206
(738) 479 6621
+52 521 907 7331
+52 649 729 1882
866 689 23 29
7096066626
+52 (876) 895 9033
577 307 55 98
566 373 16 00
+52 758 607 7136
9984159272
+52 (599) 335 9024
694 928 62 75
(964) 909 8947
+52 349 550 3526
+52 381 262 5663
(293) 380 9273
+52 (544) 647 6406
+52 771 325 1156
+52 550 378 2595
+52 366 252 8382
+52 866 694 5415
+52 631 401 8946
(919) 295 2945
(348) 857 5046
721 701 40 31
+52 788 880 4260
+52 344 858 4349
9738497678
+52 390 758 1221
+52 442 564 5076
4183998742
+52 512 309 2999
326 359 75 50
(490) 474 3034
+52 (828) 641 6427
+52 916 337 1226
6517406029
+52 554 568 4879
419 638 31 25
928 500 39 85
721 911 29 64
+52 (484) 697 9724
+52 (998) 810 5428
(363) 695 1971
+52 783 635 4466
+52 478 752 2325
+52 503 497 9878
5512107958
462 633 31 06
(515) 325 8618
+52 524 971 9014
2024047043
(728) 502 8283
997 254 83 36
+52 217 981 4586
+52 666 299 3725
270 372 79 24
+52 614 226 3879
9816251506
5835606322
+52 759 740 3602
900 343 88 05
7849706100
925 468 83 18
(562) 417 2711
+52 (588) 698 9877
+52 (281) 867 4207
+52 (316) 625 2572
(481) 477 1940
+52 (353) 286 6095
+52 (902) 556 6554
+52 (419) 492 5242
567 950 71 50
3685428298
+52 (287) 947 4524
(273) 581 4109
+52 (585) 581 1368
809 947 75 01
+52 916 736 1644
+52 (449) 710 8307
+52 591 912 4214
768 944 35 20
5219426629
+52 817 673 1607
+52 (692) 901 7011
+52 (391) 411 9725
3737692601
+52 981 557 8204
+52 810 545 5488
(518) 229 5445
875 448 22 76
(981) 528 5101
+52 442 292 7316
+52 (300) 297 2875
+52 296 771 8848
568 486 63 74
9269209457
+52 264 918 2399
+52 396 750 4226
+52 512 880 9700
+52 314 920 5703
+52 (549) 279 9133
(249) 472 4309
+52 787 447 4537
(709) 629 4090
(544) 824 9609
+52 476 410 2719
(639) 534 4454
286 561 35 47
+52 602 969 5918
+52 583 762 5628
(464) 489 6775
374 656 51 06
+52 861 563 3905
8408865676
+52 762 422 5817
(871) 480 6309
+52 877 227 6420
+52 452 467 7237
+52 (589) 851 2485
7335329981
(642) 747 9505
+52 288 809 7557
+52 226 222 2618
4356203422
+52 (546) 904 4314
+52 312 762 4110
6207838913
264 396 87 20
+52 (256) 513 5170
637 583 41 85
(331) 614 1697
(237) 213 4217
972 832 78 14
(673) 956 2710
+52 907 375 7103
+52 (283) 702 5267
521 981 47 09
901 854 39 43
+52 311 790 3613
848 492 91 40
+52 (970) 733 8335
7982643676
+52 (286) 663 2518
+52 852 806 7433
+52 207 481 9398
+52 337 954 9140
743 288 70 09
+52 (386) 766 2498
4287646970
6937134748
2979977147
(296) 896 5748
+52 787 682 5733
999 516 48 96
+52 (529) 888 5044
(980) 490 9662
(453) 317 8916
6249019584
833 276 88 05
490 264 64 41
358 357 18 40
(878) 751 1595
+52 (278) 411 4450
535 859 78 69
(402) 361 8664
+52 952 604 2905
+52 892 742 6405
205 415 50 61
7639262506
+52 241 773 6869
261 942 19 10
(882) 719 3963
+52 (378) 952 4195
+52 883 397 8745
4364643771
+52 (244) 312 9679
361 991 60 62
3787493667
+52 686 515 8480
+52 (582) 568 5736
+52 977 989 2592
+52 (228) 796 3637
289 631 93 48
+52 570 305 3907
+52 (774) 977 4552
8055862734
6268315073
(271) 282 4294
2769064202
+52 535 482 5199
+52 418 871 2078
+52 (625) 960 1126
(360) 247 9906
+52 855 946 7339
(776) 931 4603
+52 591 508 2345
+52 818 324 8188
+52 973 574 4115
551 238 44 12
317 678 39 90
+52 544 871 2286
7069403023
+52 370 603 8308
(559) 230 6280
+52 931 335 9222
+52 888 866 2289
+52 640 217 3033
(939) 444 7925
(258) 544 5149
(957) 890 2327
+52 290 968 1203
4834578733
5925587154
+52 711 456 9443
455 588 26 33
3004617946
240 673 10 22
6083112474
2854036661
(383) 219 8901
+52 (423) 794 3504
6798101871
704 515 20 96
+52 307 946 3478
+52 (908) 993 5118
+52 (387) 425 9364
(348) 820 1085
+52 825 888 5557
+52 293 572 8143
(390) 299 3005
+52 551 873 2374
+52 (553) 335 4389
6274508537
+52 421 364 3130
5939454357
632 495 51 51
+52 664 869 8578
2912668293
380 754 62 15
(839) 814 6297
+52 (343) 976 2780
8129246768
+52 918 321 8132
+52 (223) 432 7875
6822612170
779 353 61 27
+52 970 718 7891
+52 (613) 215 6310
+52 357 606 3021
+52 (693) 954 8400
+52 (449) 534 3858
555 307 67 86
(629) 431 9641
+52 308 370 8585
+52 (515) 740 1137
+52 531 432 5154
+52 (848) 935 1831
+52 592 657 9034
492 311 54 30
+52 297 544 6578
+52 917 578 5337
241 822 24 91
9543749739
+52 471 767 4675
(966) 510 3729
9976663673
+52 (873) 853 4403
+52 436 979 1821
9724125750
+52 692 384 8113
729 829 38 57
+52 465 268 1515
314 893 27 43
739 268 74 17
+52 (464) 573 1647
(312) 323 4339
(549) 744 8840
4312942043
596 377 63 59
+52 407 231 9857
643 664 35 23
+52 783 819 7666
(572) 263 8945
(701) 584 4676
8088053431
624 204 90 89
+52 296 641 3590
+52 867 914 1193
(279) 324 4804
843 978 87 96
+52 430 975 2164
+52 218 602 7490
9376574648
250 766 27 61
(385) 802 8642
(270) 564 4504
+52 (337) 418 2189
2003441933
687 254 16 45
+52 813 663 4131
5557773019
+52 581 829 6537
+52 (918) 430 8846
+52 786 686 2696
+52 340 899 7597
+52 (856) 206 8607
+52 302 726 5498
(839) 405 2046
+52 863 248 1957
+52 (343) 937 4487
+52 951 810 2742
+52 548 801 1748
+52 822 354 9637
2283693164
+52 905 265 2668
+52 (353) 742 6863
7732804473
+52 (363) 977 9414
(390) 869 8475
+52 (823) 201 7904
553 854 34 57
+52 694 585 2602
(887) 958 3037
+52 (478) 997 6387
+52 (677) 217 2006
6149911420
+52 301 287 6434
6042292960
250 662 16 14
981 565 55 44
3185303043
+52 672 244 2051
+52 977 789 9630
+52 (651) 255 2676
+52 276 349 6538
+52 966 953 6795
+52 869 258 7862
+52 891 778 7521
+52 809 885 8524
3407301755
+52 345 583 7056
259 471 36 50
+52 332 584 5621
(954) 628 3280
+52 (772) 763 2497
(634) 325 2651
(810) 970 8164
+52 (999) 481 9842
+52 836 227 3280
+52 996 594 2458
+52 (782) 933 6067
+52 (273) 248 9719
+52 274 592 8732
(617) 415 9182
+52 795 678 2242
732 428 95 01
+52 (554) 586 9637
2605661864
9703213087
+52 (528) 335 2758
+52 289 494 9766
+52 426 680 7103
8109164503
(394) 302 4787
(481) 245 8409
4613006079
(392) 221 6584
+52 791 451 7992
+52 (587) 976 3487
+52 (459) 697 7958
+52 315 511 4003
+52 299 232 2030
740 477 44 99
(275) 766 8985
6826256022
+52 (983) 820 4052
(207) 539 5393
6805032141
+52 (423) 429 7196
+52 426 624 2602
700 716 43 02
+52 (354) 795 4145
797 540 42 70
+52 619 475 4851
+52 361 886 4671
8343629148
+52 618 666 8123
332 755 77 30
+52 (860) 901 9405
410 233 52 48
+52 449 979 3376
(651) 768 4956
+52 (384) 565 1902
911 236 78 50
+52 833 419 3364
+52 362 264 8157
+52 (533) 216 5032
(673) 933 7951
+52 (217) 339 9193
+52 880 701 4189
304 803 65 02
(434) 535 5981
(832) 679 4763
207 716 95 39
(604) 947 3321
6205226888
324 926 20 64
+52 685 249 9943
+52 539 604 2048
+52 202 802 2944
+52 801 511 4789
+52 830 648 5774
996 653 90 68
+52 (489) 487 7255
(679) 656 4299
+52 753 628 5543
865 944 75 60
(207) 667 7112
+52 (605) 294 9867
7058802739
6282895784
(583) 252 1248
+52 500 617 4273
+52 899 990 1705
+52 (457) 814 3142
+52 634 213 5716
6293312495
4063083742
891 512 44 97
+52 (871) 589 4688
+52 525 930 5864
504 487 98 46
+52 (523) 929 2938
928 288 18 23
+52 943 595 8312
(999) 732 3590
621 456 45 60
3222924209
+52 355 780 1970
+52 (841) 318 8553
368 521 39 28
(545) 545 7693
+52 340 251 7089
+52 829 737 4955
4872396755
+52 (585) 543 8379
+52 377 444 4245
+52 893 755 4713
+52 (874) 644 1712
+52 772 467 2378
+52 771 400 9239
+52 445 269 3991
+52 (530) 222 9168
+52 (756) 680 9053
209 859 29 19
+52 (314) 738 4744
+52 726 904 1071
+52 889 412 5928
(801) 247 2317
5166909153
+52 612 332 5691
4092138695
+52 692 344 5041
(440) 425 2197
+52 759 876 8242
+52 (500) 405 3473
223 778 24 98
+52 388 946 9560
+52 276 986 3287
+52 783 692 4170
3803785058
7788249830
+52 267 530 6345
(655) 539 3832
+52 631 625 7176
+52 (769) 890 7049
+52 261 655 2164
+52 937 742 9136
6997085911
397 901 97 07
4803109255
+52 221 634 4561
+52 (938) 539 9723
+52 (466) 761 1293
625 833 66 72
(494) 409 9908
7988663817
(219) 757 1611
2025453599
+52 921 414 4710
+52 907 678 8281
+52 783 651 5067
325 362 31 30
6486886783
+52 440 884 3536
(543) 398 2773
(598) 839 3280
+52 (728) 411 6661
5012261143
8253434457
(921) 585 6353
+52 984 414 7083
+52 (406) 870 7431
+52 429 593 5564
+52 (799) 332 3112
(262) 976 6182
+52 708 501 1809
6243562062
(968) 811 4545
+52 440 261 2192
+52 704 266 7688
2833691312
4518418058
+52 932 855 7298
+52 (766) 655 6395
+52 818 428 5922
+52 318 510 1434
(872) 557 7306
533 926 66 56
(655) 285 5525
6787265481
(564) 471 6103
+52 (588) 354 1703
+52 727 333 4139
+52 503 866 9764
+52 871 699 1340
+52 (603) 711 3914
8285292957
8807912286
231 677 28 23
2894441857
7317809856
+52 244 558 9907
(875) 740 4271
+52 (921) 936 6778
+52 302 302 6028
(930) 779 5526
(514) 239 5971
(942) 957 6047
+52 583 705 6759
(693) 601 9512
(866) 562 1300
+52 623 938 6025
+52 (244) 245 2312
+52 (379) 953 3788
468 985 90 00
+52 500 952 2322
+52 553 514 9915
(261) 717 1423
(876) 302 9765
2344062040
644 233 39 88
(875) 856 3694
410 425 79 96
(892) 931 3975
7642736450
+52 362 263 6506
452 987 71 57
9025903017
+52 455 450 1942
5576278363
7407791580
+52 (902) 582 3842
745 884 41 35
+52 (505) 659 8524
(597) 358 1770
570 446 47 45
+52 689 437 1912
9913012301
+52 798 263 2663
3017375013
+52 (446) 366 3438
+52 258 209 3972
3619227942
7715359431
+52 806 282 7131
+52 462 416 5157
(641) 773 3888
(636) 595 9648
+52 290 314 7418
+52 648 845 2506
+52 (466) 940 9147
+52 988 257 5610
(314) 632 3583
2486312979
+52 (818) 705 7537
635 952 13 30
+52 239 579 4771
+52 636 774 1709
+52 875 598 8694
297 513 80 45
+52 953 272 9173
712 206 43 03
+52 702 536 8133
+52 403 407 4241
4494518153
9209252811
+52 (426) 780 7183
+52 734 408 2899
+52 (605) 633 6914
8708879336
+52 (295) 756 8377
(421) 763 8042
+52 (524) 840 6870
7154637577
782 417 87 66
(223) 657 6607
+52 486 949 4316
358 902 15 21
(544) 527 4940
+52 769 220 8818
488 436 25 81
964 237 51 73
+52 511 214 9966
5326893435
211 862 60 94
7834929366
3553486290
619 765 76 84
3433255126
+52 (875) 348 8668
+52 (903) 294 6229
(798) 571 9640
+52 742 467 8178
(864) 627 9359
+52 (664) 311 4637
6715764102
(735) 469 4611
+52 933 564 8060
+52 511 985 2423
507 549 40 15
8439374423
+52 (731) 557 7995
+52 519 817 2793
8222766849
+52 (488) 325 9119
+52 844 218 6598
5302485190
+52 (609) 912 1751
605 259 28 64
(270) 458 8221
6884186237
324 768 83 85
+52 318 419 6702
+52 (843) 628 1291
+52 (205) 340 2765
+52 784 661 3646
717 397 93 53
+52 543 804 5040
843 624 82 25
(406) 682 3400
227 310 50 46
7292936578
(591) 235 7616
(860) 577 6854
+52 (964) 443 5346
6426656120
(671) 204 5331
3893001737
+52 358 284 7269
244 375 92 80
+52 (278) 520 6176
+52 278 950 1366
9134761578
+52 641 954 2232
(954) 282 9166
964 652 62 60
2829247605
+52 (948) 977 7474
348 419 42 03
(912) 857 4264
+52 (882) 487 7492
+52 299 680 7464
504 766 17 72
(214) 207 8542
+52 993 293 8980
(882) 497 1723
(292) 792 1911
+52 (900) 459 4325
(500) 908 5262
7159251071
240 963 62 95
7469699927
+52 (531) 634 2873
706 922 25 42
+52 588 695 6593
+52 718 335 8432
775 558 95 88
(937) 794 5130
+52 (344) 225 7957
+52 290 671 2310
+52 795 327 6164
6896097366
+52 710 744 7730
+52 (958) 696 9309
+52 680 490 2381
+52 298 294 2619
+52 (889) 854 3893
+52 (448) 532 1796
358 529 75 35
7726975543
6892975789
3345137223
4558667450
+52 736 501 4252
685 888 19 09
+52 547 952 7658
(585) 652 4404
+52 (608) 311 2591
+52 (379) 770 2133
(605) 687 9833
+52 297 360 8877
880 728 62 41
556 355 61 70
(213) 418 1362
(680) 478 7743
+52 (301) 977 9380
+52 262 918 7276
993 460 34 36
+52 293 308 7837
+52 (971) 274 1330
356 852 43 14
+52 277 392 7091
425 905 57 86
+52 938 669 1819
3339127833
+52 854 258 8127
+52 (762) 231 4668
+52 870 222 6271
+52 (888) 912 4762
(317) 893 2008
+52 (391) 434 4258
+52 (881) 826 4874
637 559 82 34
+52 300 573 3812
+52 402 826 9866
+52 330 433 4734
9988267952
+52 (665) 959 3598
+52 339 349 5458
(962) 606 3655
+52 (427) 715 3808
707 476 72 43
8592072359
+52 308 541 6097
4353666096
+52 (672) 595 7646
3534384892
+52 (934) 357 5493
+52 (809) 474 9845
967 913 38 97
8123833965
3335809774
4208005945
+52 616 470 3196
+52 821 312 7071
762 909 47 94
+52 421 870 6972
6447011439
+52 (615) 704 3954
+52 418 276 3762
5683801855
3235886863
(207) 446 7497
+52 (573) 348 9527
+52 305 321 2688
(591) 571 1388
+52 992 556 6286
888 925 64 49
+52 (519) 806 4071
294 878 50 60
(304) 925 9266
913 784 25 13
6028239689
(298) 441 1015
2177085550
(274) 873 2134
(861) 327 4534
+52 (254) 460 2865
2137301156
7448307372
5962084243
5118242240
+52 713 940 8623
+52 279 631 8682
+52 365 915 6693
+52 938 245 9100
+52 760 308 8099
888 966 46 40
347 952 73 99
+52 457 437 8953
+52 980 616 7343
+52 (347) 749 9780
+52 715 306 6528
654 953 16 63
3914213639
3737359185
+52 826 593 9819
9567474024
+52 491 970 1617
+52 723 648 6400
639 885 68 68
(312) 569 1605
+52 289 588 5496
+52 560 749 5167
648 761 25 11
9654099528
2077523525
496 515 95 79
(220) 414 3611
406 789 75 18
+52 500 280 7799
3854043618
+52 387 545 9539
+52 444 314 5848
7503442787
+52 668 577 1287
3377178657
+52 434 728 5285
628 271 87 18
+52 936 445 3491
7742271078
+52 (842) 934 3129
6806716134
7428521580
(728) 297 9312
+52 (631) 382 7195
2124043089
9847029044
(649) 314 9152
+52 709 275 9366
+52 (921) 802 5777
(532) 809 2831
+52 (904) 806 1249
+52 998 849 3958
+52 688 960 2478
236 382 41 84
466 931 74 06
+52 621 635 7019
4008384247
(334) 621 6076
+52 (829) 760 5905
430 913 28 88
+52 327 311 1898
+52 623 257 3068
+52 (801) 297 8552
+52 901 616 9959
+52 767 925 5507
+52 385 755 9253
+52 (227) 529 6441
+52 475 868 3245
4055866759
977 614 43 61
+52 342 576 1664
325 257 50 13
630 624 30 09
+52 697 448 8387
(381) 893 4649
+52 441 334 1291
267 940 38 39
2376441395
7545341625
+52 799 711 5489
7405814564
+52 686 448 9149
8062768813
+52 569 208 9061
(906) 305 3885
817 257 54 04
+52 756 393 2929
(968) 276 1657
6657106511
+52 (512) 979 6384
909 698 53 35
+52 (260) 618 1328
+52 570 726 1250
9912308872
344 242 38 41
(914) 330 5176
+52 359 495 2767
7827055022
(738) 778 7489
304 459 64 80
(402) 829 8977
+52 642 392 5363
(955) 886 9888
+52 603 417 1241
5397839294
+52 (473) 938 4657
247 622 40 10
466 988 90 70
785 696 63 78
+52 759 920 4891
+52 693 468 7599
5708407916
(625) 499 1796
4235915357
(244) 856 1666
+52 919 274 9606
+52 495 275 3388
(795) 639 9504
(552) 573 3745
7032384304
739 268 21 37
2904946059
5813511646
(504) 258 3092
+52 767 461 8548
+52 329 701 2175
+52 (920) 989 5918
4434711135
(510) 865 8031
+52 (591) 617 9394
+52 (534) 360 3020
+52 465 362 6227
967 523 97 14
(873) 287 1314
+52 817 929 2376
+52 477 551 1676
(556) 359 6598
+52 477 684 4393
+52 (227) 895 3896
+52 (840) 668 8524
