(0581 689664437)
+39 0319 801381094
+39 398 4876194
(0373 960224144)
(08 449944491)
0281524608810
(0519 119179016)
+39 (388 3243841)
(0856 880045538)
+39 (0925 847829781)
037254576681
+39 370 7500439
+39 331 5804897
+393109750628
+390867217737254
3634608113
+39 (360 2425517)
0371532529126
0296939422642
0404686344852
(366 2836490)
3326745130
(333 1287000)
+39 371 4705921
0981 222878311
(0343 52102892)
0943 427179417
339 3715316
(0586 640027698)
+39 061 264733971
+39 0313 360241045
(369 6176126)
+393262436306
0225148074504
3306917470
3891967866
+39 (329 7305762)
+390626911553721
+39 (353 3842895)
+39 368 1256616
(0241 741206105)
(0214 621834275)
0750 402184359
3786736571
(387 2470866)
+39 0732 422133589
+39047129006009
0535 819246273
(0403 205462413)
0604 639247437
3108095350
+39 373 7531111
+393619753851
+39 (0900 726434735)
+39 312 6222704
0717511285468
+390141998144624
(0894 201743682)
+393437410322
3586513437
+39 331 6254257
308 8714621
+39 0395 588473714
392 1058166
+393301627598
0409 43765857
(327 5059659)
3108997089
0179 85992114
+39 (387 5494043)
0206 267675115
+39 (096 104098675)
0820142947445
+39 0435 274391375
(340 7952417)
+39 (373 1215406)
3726670859
(0426 720669842)
324 6835323
+390108157138396
+39 0431 415869247
(356 6874265)
+39 0937 494598024
0792982579132
390 7759561
+390238576086878
+39 (0110 23085698)
0706 766851161
0498632304725
0843504586680
+393089647766
+39 312 7363339
0911 331083391
+39 (0350 754831658)
+393056143521
343 8643363
+39 (013 360824801)
+390370294788376
+393678594051
+393337572840
+39 0797 111816340
+393836589962
356 6634932
+39 (0570 914300225)
0822556372301
328 9713204
3682532289
383 7831653
0638966446948
+39 (312 3439675)
(305 6274850)
+39 (0450 287994286)
+39 (362 5743863)
3989185220
+39 311 4051026
+39 0844 425914996
0494300846116
+39 (392 8207665)
+39 (0103 767771794)
+39 302 6710228
3896076480
(378 2693194)
+390799423132782
+393414515278
0807744694210
+39 370 9765023
+39 (0357 603510026)
+390321857723577
0350 511506044
+390625713169166
303 6501749
0594594284640
0933 300169135
3469396575
+39 (0729 316699833)
+39 (353 6834944)
0573697980587
+39 329 2945720
0384 661475985
+39 0749 971511881
+39 0994 796749077
+393444333301
(334 6848982)
0287413292120
0368225636049
+390846206925556
0763396116697
0859641839462
+39 (374 2099056)
(0341 672313126)
0425278392973
+390345769713869
(0861 607933559)
+39 042 924453245
+39 (389 6828784)
+390106652274789
0435 953876012
+39 (391 7992403)
3334612835
+39 369 6154402
(0951 331799386)
0197 13085453
(328 9526876)
0150890680613
+39 0926 616448599
376 2431438
(0981 568540277)
+39 367 8508439
+39 368 2532195
3273943923
+39 (372 8061916)
0501670484023
0847 67511503
(356 3482663)
+39 (390 9963248)
3434294150
(379 1577917)
3848371765
326 8985286
0933 551350351
3694875393
+39035680392524
(0721 992298755)
+393023297894
(364 5833542)
+39 (333 6446627)
+39 382 3308664
+39 0849 268985619
0160397617356
0790407678857
0249352881111
+39 (0472 928269313)
(0851 374293559)
(382 6573059)
+39 (0131 498499672)
+393897303353
+390124166403621
+39 (383 1550275)
0502 46709170
3626400239
369 2870200
+39 (330 5861940)
+39 302 3572459
(375 1725496)
+39 (0972 810560639)
3288440669
+39 (0799 909711578)
367 5274218
+39 (314 9556538)
+39 (360 2016574)
(397 6985816)
377 3837389
+39 (0986 73182700)
0447 459830337
+39 341 8962426
361 2387219
+39 0373 278653603
+393451347289
(071 176866810)
+393322621371
+39 376 2680732
0206 405817913
(0118 54551736)
+393967931583
+39 0323 29333959
+39 336 5729754
+39 0853 558700619
0338667146273
+39088395303476
348 8460654
+39 (362 5101263)
+39 0196 783984589
373 4890708
399 8230158
361 4452940
+390494622393756
+393697538363
+39 312 4810786
+3908737837387
+39 386 9393154
0750473116449
(0539 674687953)
(326 5752261)
387 4650132
0937 63496692
+390213586391279
+390565778663976
+39 (387 9914676)
347 8932651
+39 0273 323000469
0624 481981848
(322 5572136)
(0183 394968870)
+39 (323 2024823)
+393759903176
+393021100185
3551201961
+393667940834
+39 377 4370205
(0229 360904612)
(380 2007580)
(330 5677835)
(323 8871197)
+39 (0779 969723500)
395 1531303
(0429 966495778)
+390550654583401
(0364 14140072)
+39 0323 389182161
+390820242683913
3771081909
0123 818267867
0558 885321045
+39 352 6444005
3444900772
(0802 203082714)
3525614410
+390786224834502
+39 0742 707937097
+393426764397
+39 362 1282868
(0173 358217599)
+39 (0749 849298843)
0866144246824
3034155322
+39 (0219 747589398)
+390690566339632
0394798927813
(0143 26841614)
0197912562869
0832 985580598
+39 (0425 915573375)
+39 (0482 528903002)
(309 5794893)
+393672944167
+39 0689 904332017
+390923874120710
+39 (339 6986845)
3584543223
(325 1923337)
387 7965863
(363 3558870)
379 1971835
+39 321 4381433
(0730 63273975)
3335049766
+393257471356
+39080132681939
+393629976166
0306 195777962
+39 383 3713782
+390761582758098
3817566474
+39 0639 101130918
(335 8982734)
+393891779176
+393928808651
+39 334 3689351
(328 7390904)
(0260 279509082)
+39 0599 239371036
+39 365 2320355
+39 304 2098994
3346011610
+39 (391 2984771)
(0461 231481619)
+39 0391 802722855
+39 379 1693273
+39 (344 5981593)
0742 47498688
+39 0924 397792013
+393079770485
0745 326968388
(0246 380147589)
(386 6911875)
(359 1539649)
+39 (069 251955807)
+39 (0894 816558031)
0890 210853951
+390441324466181
+390949610719360
(355 3824244)
+393868067043
(309 4071273)
(0397 518292373)
+39 (321 7775167)
+39 398 6101241
+393707432107
+39 303 1524388
+39 (0153 321926707)
0854527884464
+390979966568048
+39 (378 4141510)
+39 305 4375811
0672570694765
+39 (0364 411945411)
+39043730425385
0244 944228716
+393553680049
(388 7211958)
+390780410857798
3878391192
+39 0505 371098537
+39 0903 44497649
+39015583667700
+39 0579 750450337
+39 0912 288888385
(336 3567613)
3493330425
0533244288689
3739723291
3174821210
037684294355
(361 2389833)
347 5608720
(305 6912258)
(0645 124795266)
+39 309 5785162
+393743401657
+390591642115844
(309 1706624)
+39 (394 4184534)
311 7339330
0710 458675853
+39 (0931 864933541)
(347 2715974)
044 624714537
(0539 971618646)
(0408 600089245)
+39 300 2404446
3652032218
0212 624119314
0375 670184786
(389 6093493)
+393913015304
(306 3793685)
+39 0523 378993226
(0942 672372356)
+39 (027 481273744)
0826 559827159
+39 (0726 576872916)
(0943 159054052)
+393494573361
+39 0863 24697400
(335 1153238)
+39 (341 8053379)
(337 5790956)
+39 386 4382097
(355 7604976)
0595122676686
0447473711830
0484751001251
+393762472486
0566 361281563
+39 329 5785226
+39 0900 59261576
+39 (328 6779807)
+393981135457
+39 339 5718546
+390371119083276
0366 388259378
+39 (0328 125810355)
3959264891
3502689087
3477777169
(385 6541865)
+393904100315
0903 27551212
+39 (0570 546078876)
+39 0815 505209719
+393692326288
3008878327
0173 381086380
(305 7071505)
336 4637787
3899842599
(0173 208302274)
+393595857266
+39 0244 13951711
+390565397105412
+393706508805
(362 8081594)
+39 0434 292034077
0340 731600643
0878 442920948
+39 (0356 27129008)
+393008570932
353 2735330
+39097728795583
+390147300032632
+39 0452 122544913
+39 0182 626226372
(357 3882064)
+39 (384 4142632)
+39 (333 8538325)
+39 0803 550785859
+393455716619
095053859299
(336 3249899)
+39 (0865 776935419)
+39 0931 793369293
3143102203
+39 315 4999292
(340 7524546)
(0985 904602096)
3027002649
+39048992798805
0219 778412796
+39019662200309
+39 (0136 970517624)
+39 0161 37838321
(334 1095656)
+39 (0502 857148268)
(322 4372881)
+39 0778 795002234
087 141297097
0503 23161822
3142906833
+393809197727
+39 (0786 279738641)
3467217600
(385 8565946)
0233 235890869
+393886850070
+393017613697
+393485377823
+39 0959 144600273
+39 (0460 475893199)
+39 0839 934918028
3427879004
353 1592234
(310 1401065)
(0285 663079142)
(360 3408521)
339 4623750
+390603131047246
(388 6332261)
0501 36371235
+39 0457 36840434
+39 327 3765605
0850 987879486
0280 332153485
+393516217201
+39 333 8592047
(0106 753132115)
(310 4801396)
+393992818342
+393085037321
+39 0306 587171377
363 2569583
+39 (0979 318250168)
300 6796646
3931384696
(0901 269492337)
313 9920501
+39 (0558 305020183)
337 1193580
(309 2408866)
+39 324 7258266
388 3069439
(370 4009651)
+39 (0808 880149491)
0358706758649
+39 (397 5932060)
+39 0905 247580248
+393348373724
(375 2463136)
+39 371 2798795
018 899000177
+39 0896 414111978
(390 1127623)
(377 4803860)
+39 308 8913649
0461432034417
3975769690
(350 4573082)
+39 0480 810429212
+39 (0659 744417731)
+39 (0627 866834943)
021 349449218
(0486 914602321)
+39 393 8804187
(339 7078600)
+393224256719
3195444206
+39 396 3958658
(0423 688702306)
0857 36859551
+39 (321 7960163)
0626 989305781
0451 380214036
(0218 542318774)
+39082102021351
0686 668174090
+390264829789789
+39 389 2487242
(0915 497068200)
0632 125172603
3211994499
+39 (375 2497870)
(349 2556998)
(337 7197132)
+393556021057
+39 (0887 797341780)
+393808360111
+39 (071 846116272)
(0122 338277154)
+393427370771
+393977122070
0153448879437
0425225349762
388 1050241
+393047322507
+390267517172772
+39 0850 247798828
(0767 164200193)
+39 0427 348847325
+39 0268 775270226
+39 (356 1359633)
+390705687043327
+39 0306 533047856
013493094602
309 2999280
+390442257419102
+39 (0202 895670019)
(384 8360535)
3399314221
(397 9979590)
0934461386695
0880865916829
+39 391 4802177
0693478982225
+39 (382 7262806)
+39 (0377 426740718)
+39 (351 5611185)
0455307221147
0421209971131
+393398279634
+39 (0587 979805202)
3285712131
+39 (0827 994118222)
302 5538242
+39 (387 5334792)
+39 314 2332615
390 2472721
0704994908879
045709122708
+39 (300 9930462)
359 7243233
+39 392 1981656
+39 (076 934494640)
024374106801
0974 396409559
+39 0876 31450160
(0507 364264705)
+39 (0947 559984219)
3577503331
+393293284460
0996 903534307
+393633611711
+390606849435299
+39 391 9206284
+39050666423989
387 6776111
0400 194650000
+39 (324 2014828)
+390552572953968
338 2978539
+39 (325 2029885)
+390210843583525
311 6043957
(0532 98050323)
0264592096042
+39 378 5695333
318 8122982
+39 051 336852984
+39 (0373 33089245)
(0880 981842785)
+39 363 5977856
0737 619567778
0847 959182917
+39 (0668 616997968)
+39 (0699 36582533)
+393357181865
0369 569304124
+39 0462 222339218
3743188457
3599397484
0940923538805
+393924385559
+39 (0640 545011639)
+393129068488
0311 792480601
076 4649285
0820 731535924
+39 (0667 255881384)
373 6027289
+39 (379 3922842)
+39 379 9582458
+39 0686 418501904
+39 (0284 457993365)
343 6281445
+390370453535970
+393607623814
+39 398 9772638
+39 0958 351324799
+39 333 6430638
336 7423395
3829622855
3162235399
+39 0500 184751164
0696725933339
(340 6536376)
+39 (0790 642644461)
+39 0112 640518923
+39 (0908 717137088)
(0896 611915940)
+39 (0607 288919443)
(363 2368834)
0134240528384
+39 (0719 193034258)
+393669870962
+39 (310 8228289)
+39 08 44838343
094702576525
0428 419846581
3698763378
+39 305 7940652
+39 (0728 432679692)
(328 7920344)
(359 7405732)
045641458548
361 5329552
+39 (382 3073182)
+39 (0910 171231488)
+39 362 6105543
3176390174
0554 948084679
367 9111978
+39 040 680443885
0622100073252
371 1034583
+39 395 4383612
3486091674
+39 0441 814962980
3415862299
047777294228
+39 (0902 766690367)
0344 654115153
07233252016
3565386619
0786 669141041
(0239 409402781)
(327 3482449)
0249913849024
+390208341262316
+393777553595
+39 (0886 185472483)
+393052430670
+39 (0801 288099564)
0732 292636397
0983 378141364
0568715833897
+390184972989876
+39 (0218 29089960)
3376251880
320 1603781
+39 0995 324459787
+39 388 5770715
0342 287131839
3612625446
0100 60448256
0560 360850333
+39 0257 13014292
0225 81282113
3829324704
+39 333 1225000
+393441216888
+39 375 5637955
+39 (334 1911124)
(0697 95650718)
+39 303 9014902
+39 0655 901062573
+39045682082911
(0732 602488397)
+39 (350 5691893)
0152 674316
3839090740
(318 1268085)
060184315259
+390239240325843
+39 395 2156423
+39 0227 636798438
0681285180618
0406 64495893
0372340555382
3516394889
0314 362066340
(0141 532785582)
+39 300 4092679
0971 423852783
381 1202650
+39 363 4638147
+390296809811467
+39 (0826 450147623)
+39 (0824 569991496)
+39 (0903 563109025)
+393814853547
(0560 161185685)
(363 9908254)
(0245 736001735)
+39 (388 2850529)
0957 562968776
086 744704522
+39 322 9016570
+39 (342 7829962)
+39 (318 6939523)
+39 350 8563593
+39 (0155 847590991)
0877641548652
(0691 560976685)
(389 6142696)
(0337 339427865)
+39 (309 7711215)
(385 6261562)
3094549339
098 802710257
+393896442631
(0359 802070634)
+390868356944694
3758904839
+393287095026
(0944 149131083)
+39 (369 2444279)
332 2492050
+39 (0231 795654577)
+39 (0147 80923462)
0783100782327
0376539852533
3258822139
+39062599427512
+39 (016 473376060)
+39 0482 429920786
+39 (0381 824690324)
+39 (0191 17565323)
+393704301594
+39 0718 758887794
+39 (385 5476490)
3714160030
(0713 326407786)
+39 366 8679120
324 1747742
(348 9741607)
+39 0380 97570684
+39 (347 3758934)
(324 6959802)
0792257282049
+393657616438
335 9543018
+39 335 2494397
0119 867422705
+39 (329 6545686)
0160455594119
+390759277359634
3221134227
+39 (0136 89283458)
+39 372 8258755
+390637182340183
+39 (0390 924761464)
3617689011
(0432 955561912)
0299 550626404
+39 397 1102218
3066455080
0114478387113
0178 44035322
398 3193987
+390639331416789
0197616750610
+39 341 2854687
+393955727642
0343474181220
+39021796140574
(0714 644710723)
(0480 730931351)
386 1124288
+390778992815071
+39 (0602 477177462)
+39 (0172 362354523)
(0609 991362111)
+39 (381 9055510)
+39 359 5315933
395 6277216
+39 389 8643213
+39 (340 1300383)
(347 8898093)
+39 (0109 556784865)
+39 (0336 11975471)
0949376224730
+39072856275226
3196454242
+390261312591240
376 7508455
(322 7339147)
0148600824521
(310 6200725)
+390868904024713
344 7692811
+39 0529 598318258
3947175604
0917149776725
(0411 906085422)
010971932296
(0384 899167596)
+39 (307 9348346)
+39 (311 9379522)
+39 0228 645333984
+39 0504 682278245
0219 711336462
3896675785
+390368301956855
+39 (073 619019215)
+390817850631677
+393905754853
+39 0397 380667292
0961854831513
3299796346
3145205104
0628 817591506
(0320 581965814)
+393151268798
+39 0400 801215860
(342 1566896)
+393108810178
(343 8443217)
+39 333 3432933
+39 (0865 593646976)
350 7276640
(035 899120166)
019876076531
3897765305
313 1727793
(0344 46334116)
+393377207410
+39 0744 781623579
341 7342990
(0579 549883075)
+39 (0852 129165348)
(323 2257970)
(0147 621668000)
0870259087359
+390246280767612
0999127244337
+39 (333 2449225)
3388655746
398 3839815
(387 5786326)
0767559913157
+39 (0721 987512720)
+39 395 9143729
+39 0881 264056229
3718827114
+390917209089984
+39 (349 1157553)
+393755207822
308 2662519
+393919106508
+39 (301 6046594)
(0145 218248423)
+39 391 6612597
340 2976039
+39 334 3070827
0379351003348
02391235014
+390447974184388
+39 (0197 646065673)
0377 635935413
(0644 526420906)
+39 (375 1070875)
+393632168381
+39040165020658
0832862749941
+39 (317 4729108)
+39 (0464 47500125)
+393306097331
337 2377594
(353 6048607)
364 8644292
+393171887126
(310 4472651)
(0815 749093933)
+39 (0700 561787954)
377 5275701
0626698583220
0420 133475513
0717872294631
362 7072522
0582789474261
306 4601463
+39 336 4427776
363 2543632
(0908 447116370)
+39 0185 54751185
338 3931066
3912685188
3025295153
+39 (0393 805377842)
+39 0481 852448659
370 9151378
+39 0909 183766908
+39 (366 7459536)
044439143519
+390844667468438
+393817722837
+39 (0864 422202911)
+393752376242
+39 (367 9118655)
0786 626575139
329 8836818
0815 968781469
+393208027425
(387 2409463)
+39 368 4745254
+393784200574
393 6888675
0222 561324049
3242572209
3294669406
+39 (326 9441478)
(0301 305544205)
3787126462
+39 364 8285619
+39 (0822 603549386)
+393544403804
0711923202038
(330 2124188)
(0772 513026422)
0504 511692991
384 3647486
0957 335435303
+390792657030708
381 8651354
+39 348 5499339
(0276 435889392)
+39 372 7895397
+393052150707
+39 (334 5852216)
+39 354 1338716
3188609405
0209 89232887
315 5588132
(050 162644508)
+390987150155355
+39 0496 696752770
0833267923046
0873247629323
0483197591363
+39 (398 6748067)
0422 788021184
+39 312 6851142
3347237769
+39 (0146 946276463)
+39 (054 440835192)
0707 962482081
+39 321 2850807
0348651332228
018 947657917
(395 9140071)
+39 (370 7999033)
0860934810625
382 4004346
+39 (330 7459469)
+393808821327
+390480830990372
+39 388 2429423
0949 520514396
0455 201808878
+39 0187 972713034
+39 0525 617516320
0317151152233
+390531536685524
0121641486547
+39 (0338 421833513)
+39 380 3555070
+39 392 2348257
3332838695
0212 359899111
377 4266886
+39 (0128 644157469)
0778 770567635
049342414503
09351420969
(385 7807665)
(349 3314902)
+390179723379877
+39029513802615
+39 0150 184468395
+39 (385 5064864)
+3906315363628
(0571 965019986)
+39 (0151 944565253)
0449747360635
+39 (0809 34142084)
+39 (0354 141264986)
3153121464
(384 5704397)
3041518436
+39 (313 2352997)
+390792566234909
(315 5581150)
+39 (0629 303523208)
3884830902
0935447945350
+39 341 6035722
+39 0753 773891732
3316828353
0726443294644
3265794064
3469679460
+393327124260
+39 335 3866708
+39 (314 2985455)
+39 (0870 437984345)
+39 322 7636982
+39 314 3097996
+39 376 3620139
(365 7961572)
+393694105656
+39 (0706 33938059)
0306781996899
+39 0585 931856646
+393519401535
+39 (362 4473916)
+39 0137 675880112
+39 0565 512451315
+390583325970718
+39 0840 400785780
+393305095567
+39 (379 1844603)
0368259883686
0957144394792
(362 9603580)
+393833223092
+39 (0788 460668193)
0636 941611545
0154 438643941
0811253265669
+39 (0368 386515999)
+393529768614
334 4189239
+39 350 4242107
0628 77248025
0678811157379
+39 (377 7138357)
(0370 491507543)
+39 (0405 326978260)
3943747202
(059 858375983)
(362 1183351)
0173 655053573
+39 (371 1941285)
+39 0225 565317655
3882965484
+393642614586
+39 (389 8943647)
(390 7417713)
+393816407009
390 1737820
+393898491095
0232 318645080
+39094312093539
(384 7250918)
+39 0975 990957512
+39 0321 949017071
3865954118
+39 374 7682337
+390202636911399
+39 (0789 611610856)
+39 0976 383441284
+39 395 9671147
+39 (0733 727398018)
0653 918157322
+393064054139
0154 880038465
+39 (390 1484765)
(0413 137819442)
+39 (357 1506719)
055395502580
0566 355805537
324 1620018
+390752613004575
+39 (092 292884514)
(0499 139357733)
+39 0693 124659331
+393241698317
(307 4726672)
(364 4561858)
3455798712
+39 (311 6178704)
+39 (313 5705820)
+39 0948 562378327
(351 4071025)
0494 732376113
(0151 625294519)
(0146 421370613)
(0303 857346880)
3093611650
0974 613559052
0751186957595
0824 225702119
+39 368 7939406
(389 6883635)
0654364899581
+39 (380 7701082)
+39 369 6474368
(306 4242579)
3234652159
+390890554031659
+393902690712
(322 1949004)
+39 (322 9220212)
0279564031869
(322 3888932)
353 2293001
(0277 307257457)
+39 (398 6719966)
0836 35490013
+390478667869771
+39 338 1009067
+39 (0607 681087497)
+39 (0207 593730530)
+39 (397 9438552)
368 1703446
+393806453141
(0507 428348228)
+39 0909 303323611
+39 0427 692730713
+39 (0474 847263608)
(091 22531380)
+39 329 6348813
+39 (0513 938367836)
+39 303 9114429
(331 3882692)
(364 4747345)
+39 379 8011303
355 6296623
(386 4121586)
(388 9587234)
3655825714
+393392104360
3653876379
+39 (328 4913774)
+390173221277759
+39 0179 617267031
+390918354717233
+39 341 9807307
344 3164839
+39 0457 971052708
+390170843128662
+39 (0939 525459557)
336 4510640
(309 8758465)
+39037123161362
+39 (0443 26923256)
3989140256
3237682535
+39 (391 1060029)
0163 562201229
(0713 963442563)
+390782441528044
+390935276164570
0728 179022885
+39 0277 707111993
(332 5960525)
+39 (316 1327691)
+393489157767
+390600962835422
+39 0764 284173777
+390495775102424
(017 205777280)
(0868 370174144)
366 8995110
3037803140
388 3578274
+393166355408
+39 (367 6407299)
0106 803122049
0613646956043
0189 240014787
361 5975223
+39 306 1828771
+39 (330 3673433)
+390601924814746
+39 0615 230846601
0316 657346501
+39 345 8699344
+39 0642 828170434
+39 (0837 234440770)
+39 (304 4235043)
+390287780631593
+393577047814
(0922 37215627)
369 9769347
3162119711
+390648595246552
(0902 211346469)
(0772 230713096)
0288728485738
+39 (0820 733809875)
+393206014472
+39 (0441 290920754)
3563107513
+39 (0840 555537101)
0753 747926069
+39 (344 6707469)
+393098530890
(0463 228390598)
(308 6598439)
+390460390984867
079177978558
+39 364 6773458
+39 350 1707566
+39 356 1235848
303 8783362
0873 294305980
3769949806
0869383659579
+39087287622827
+39 367 8871445
(381 8139099)
3261416650
387 6549630
(325 1859397)
3825877800
+390202841117349
(0917 579509838)
+39070151795758
+39 (0530 233972877)
0655 402705991
+39 (332 2168650)
0917 574033623
+39 317 7593095
316 8370865
(318 3164717)
(343 6312256)
(392 1215855)
+39 (0372 701226747)
+39 0500 663630621
347 7438162
+39 (362 5579295)
+39 0471 291359310
0666780376652
+39 (350 2415386)
(0688 351399323)
+39 0481 682628064
306 7613017
0301514529960
+39 (0349 742563200)
0156 735967620
0616 651642014
344 1918647
3726414745
+393192874884
+393772668443
(0846 441740252)
+393034691763
+390848686053681
+39 (300 4133491)
(0393 123450383)
3376568203
+39 396 4448620
+39 (378 4726611)
+39 (0389 812598706)
(0138 793371377)
356 6847533
0795 227947613
+393411188708
+39056951972087
+39 (0330 137938537)
(0655 235298088)
350 6898818
0139590269143
3103932056
+390289902130438
3289526442
0691 229841924
+39 (339 7446465)
+39 0885 875604281
(0153 740458537)
(305 9315967)
333 9102792
(0156 407923128)
+393379899592
3166131241
07 519300745
347 1487323
+39 (391 3772505)
+39 0887 807150971
+393154523809
+39032115519976
0367704506486
3835928038
3634990517
+393643731976
0381 809493623
385 1894232
+39081595404064
+39 0408 58888893
3765500983
(392 4927986)
+393254250953
+39 313 1752236
3153555424
+39 0542 973918022
07073584717
036932981057
381 9568946
+393553951078
3022675536
0681 785305081
(339 1921669)
+39 (0345 277925512)
0969 77595967
+39 381 6105219
+39 011 888403146
343 6898848
0895 640849669
0779169237098
+39 (354 2840778)
0533 24446231
0337928089246
0231548860920
+390470155863644
+393523883150
(313 8025354)
+39 315 5163857
+39056291562790
+39 (0568 437670330)
(303 4692758)
344 5623342
+39 (0225 917991934)
(379 8900939)
398 7417237
+39 (0623 927250817)
+390564351680775
375 7501996
+39 326 3989190
+39 (333 3187864)
0468140911298
0229 119565242
+393629970335
0443 244760103
0613484715909
349 3971483
+390223570312169
(343 1215381)
(316 6006032)
380 2378458
3821239341
+39 (329 6291596)
+39 395 1294513
+39 0335 493346817
0952 327601151
333 3673043
+39 (349 6058715)
+39 0250 837245172
+39 (367 6662812)
3915151128
(391 5998529)
+39 0572 154595220
+39 (354 7652130)
+39 352 5508022
0123 73215913
0438259367017
+390499540914087
(365 4162256)
+39 0559 854050193
+39 (373 3098767)
(0509 494568656)
0156578182021
+39 373 7325381
+39 0123 704961809
(398 7881825)
0941430806198
392 5366895
(0516 301143392)
(368 5934465)
+39 374 6090986
+39 (0887 238561729)
(0964 966243874)
+39 0205 890903352
0111194653459
0511 22566396
(340 5891660)
+39 377 4739781
+393376952771
0890 617114341
+390970366756071
089379135053
+39 049 168900723
+393406855166
(0395 611995582)
369 5781393
0584 76402559
3292116452
(326 6592035)
(0450 363429720)
(330 3025327)
+390219442480521
+39 (342 4409028)
(0596 95699202)
+39 (0842 253517149)
362 5837052
+390592132830077
3965992352
(349 6296324)
+39 0658 324927344
+39 322 9711939
+390147910979668
+39 (0612 976571956)
+39 (306 2561523)
+393332982792
305 2856172
+393666120376
(0962 609533983)
+39 (0850 194333722)
3568192125
+39 (372 9996388)
+390595647855324
0739 713299598
+39 373 6370279
(0663 617312533)
+393813599399
+393253881596
+39 0299 801334359
389 4846537
358 6096013
+39 (0401 137969867)
+39 (315 4111775)
+39094187535
+39 (0228 673962593)
0417 834808304
+39 (0421 748719330)
0633 128273197
+390266893743780
+39 (0477 273098036)
0745768178194
+39 305 9447014
023 510559811
+393937932057
+39 320 1838540
367 9785957
(391 4694296)
+390603548325893
+39 (0308 502096144)
+39 (0628 788656245)
+390824962003408
0676 296608774
+390732752662794
0857 173570636
+39 373 3565891
+39 0979 740409773
347 6838546
+39 0300 809546947
3712395516
+39 372 5568200
0451910999544
0939948207189
0241 155740618
+39063661419073
+39 396 1433218
(312 7247547)
+39073743915992
3699675838
(0561 43415121)
0166741733100
0909 542798343
+39 0929 226065295
+39 (0902 366486172)
+39 (0667 753158265)
(0432 117501028)
+390619470064229
+39 0257 845105580
3621184459
+39 378 9833553
+393507330692
+390150856067511
+393739386668
0654797636654
0177756801273
+39 (0441 892993678)
+393074253407
0869 466244557
+39 301 8034746
+393304389520
+39 (399 4075369)
(303 9460745)
+390243310777449
+39 (081 428347676)
+39 361 3468009
0733 281821219
+39 376 1857292
(0356 490459851)
+39 0875 621301884
+393364163592
3282869314
0491249463594
(399 7500393)
+390660428159291
+39 089 286551425
+39 345 6123897
+39 (384 2823085)
+39 (359 3147847)
+39 0201 145274881
3634414041
+393062364753
0801396506279
(0154 133974228)
+393869730132
(0728 997727662)
+393983486277
+39019724896728
3901098311
+39 0830 572164521
+393729541898
0420 285442079
+39 (377 9019701)
0731433207966
3935302685
(387 1244468)
+39 (0435 518919683)
+39 (302 4468218)
024784831692
+393111028906
+39 (0299 240158066)
0376 468762717
+39 (099 311681800)
+39 (013 273707558)
(0640 618966092)
0246873067474
(390 7190626)
+3907720773463
0274 236785749
(306 9841035)
+390961532268666
(396 2131670)
+390940564182829
(377 7853645)
+39 304 7583315
+393149056172
+39 321 7376289
+39 (0630 796539389)
+39 (096 754788112)
+39 (389 9631158)
0818 140960231
0921 664425492
3833302134
+393099828235
3066640245
+39 0502 884441310
+393328719669
393 3820707
+39 (314 1697153)
+39056582745849
+390280935769092
0571 633454379
+39 (0528 5410400)
3354954597
+39 (394 8244345)
+390327124140662
047 930988784
370 1957244
+393421868250
+39 313 4467221
+39 (306 1912816)
+39 355 2534997
+39 (0510 847422249)
(048 177355038)
+39 0636 963970017
+39 (0253 977661351)
(0768 361034141)
(301 1996501)
(393 5069429)
0144 887022873
+39 0334 751469113
+39 0854 796846002
+39 (0157 797125462)
0183 849772374
+39 (0584 689833913)
0833752058224
+39 (0213 836138232)
+393356714231
0623 420368909
+39 (362 1922171)
+39 (344 9215163)
+39 370 1794944
344 2099097
+39 (0787 737030642)
+393344514059
+393837265561
+39 0322 622060500
+390311568311568
+390252844862258
0138593147550
391 6157684
(0895 956289549)
+39 (0697 68372947)
(0454 510395559)
+39053193663019
+39 0299 864882908
+39 0380 274274656
0823 127097021
+39 374 3000368
(0488 925995101)
+39 (376 1211896)
+393539549248
0384 6156970
+39 (0222 827658235)
340 5237078
+39 0964 550831473
(0552 528332539)
+390777185175144
+390521588117546
+39 (0212 338368709)
+39 (305 1274934)
+393128370510
(323 5127925)
+39042418915754
+393403113819
(349 4523352)
+39 0488 609268015
3681701111
+390795406121200
+39 389 1339929
0554235222235
0834 831698192
0984 837612977
0141 429676452
+39 (312 9640019)
(304 5790625)
+39082323724394
+393638260379
338 7193150
+393461334588
+39 0193 161106538
(326 5845452)
3348425897
0589 618269470
+39 (085 24997474)
+39 (0323 995489627)
+39 (371 5762699)
3149080997
035241501799
+39 (342 1249913)
374 8116303
+39 (398 9790239)
(381 2949005)
3424484645
0929 639359099
+390825702518821
+39 369 2998898
+393221705030
+39 (0292 295383830)
069193289763
+39 0228 850739654
+39 0772 309602966
+39 397 6091310
+39 398 7288788
3685443129
+393453550944
(343 4654130)
+39 348 7737773
+39 315 7422122
0586199800205
+393963091738
+39 (0910 283983682)
3115436121
+39 (345 1809007)
+39 0850 297820710
+393199033721
(0116 24168807)
+39 0274 581617763
0269 613719275
3207524947
+39 333 8865676
+39 (333 8498905)
+393269679833
0701 258293651
+39 0139 911876562
+39 (0563 968893369)
+393026709480
3324714756
+39 (314 1752096)
+393495572299
358 5722894
0203 793676715
+39 (0236 627974028)
+393426618965
+39 (394 2807088)
(0301 220925454)
(379 6740350)
0654 361187092
+390263879125783
+393838532955
(336 8020905)
(351 4543567)
3355733584
+393771795195
+39 346 8521798
+39 (0395 110370202)
+39 319 4705499
+39 (0653 763728906)
+39 0448 686075428
+390585727693359
+39 362 3101696
317 5543344
(354 4988666)
3812961879
+393553176420
+390455611442125
+39 0898 396270743
+39 (399 5338651)
(371 3402764)
317 8314149
(0697 888710939)
051882173969
+390882807380061
+390264296926540
+39 (317 6035954)
+39 (0281 126063007)
365 6469491
+39 374 5148499
3475468318
+390913280068718
+39 (0274 160422110)
0411 40806724
+393847498126
0874704052533
(359 5367175)
+390482310868792
(073 295616864)
+39075337620866
+390673766999213
+390219743346391
+393581397487
331 4611711
(050 553781223)
+390470959184249
+39 342 4917908
3134581551
+39 (324 1892225)
+39 (359 7306460)
0254 954008855
(345 5513087)
+39 346 4881269
048 366306574
+39 0842 354777127
3222555928
+39 (0602 486962205)
+39 (322 3938976)
+39 369 4927979
+39 (03 784904962)
(307 4554629)
(386 5180870)
(315 5126712)
+393531632164
(343 8407335)
+39 0468 97507282
0363346325720
+390369434792268
+393618800599
+39 391 3269228
+39 0665 296302003
(0859 743977590)
0420 848585430
(340 2227613)
+39 0120 325802289
(0746 510613711)
0647 297118157
372 1728585
+390962154460129
0854663009367
0601 168069923
(0386 78039923)
(340 7916482)
+39 (326 6473780)
+39 (344 9773920)
0734 82642740
+390119944408231
+390196994069268
+39 (0576 238440554)
+390619976118104
+390798636125388
+39 327 9804420
(0139 343990054)
(377 2234936)
+39 (0704 655972863)
+39 (0330 361558410)
+390281187048564
3815276958
+390443305600632
0877 674814153
381 9169066
355 6798316
017025866376
(390 2212916)
0288823599693
+39 394 8155328
+39 (333 8757999)
+39 (335 9210317)
(0356 973795517)
+390386628431933
0178212683522
321 6124520
+39 0143 177995072
+393671411714
+39 306 1126576
+39 (0286 314051282)
+393745131248
+39 0481 962230107
+390372230535410
389 5271143
(0201 941637645)
3616592884
+39 (0135 176491606)
0330 186126598
080255766526
317 8867650
+39 0746 136491159
3728171059
(389 1463217)
+39 354 5231772
0502 897927742
0525275602134
3503319802
+39 (317 9985153)
+393851910210
(0311 13960158)
0609 262636061
+393912936947
(387 8368748)
087944189813
3429725089
+39 0817 938814366
+39 381 3356153
+39 (396 8729077)
(0746 733887848)
(393 3149093)
(395 5592153)
+39 0201 542917270
+39041226683494
(0809 888562257)
0536 199109734
3156534774
+39 348 3528188
+39 (0680 534813713)
+39 (0340 946944412)
+39 (329 4149232)
+39 0857 392313198
(394 2731310)
+39 (0992 854479290)
+39 (0845 261351902)
0993 373559859
(0282 500110498)
374 4072521
3733953482
3874962498
+390757911067015
+39 362 1121303
+39 393 4756881
378 5285944
+390424513396463
0739922989219
0616 848210839
049925312690
+39 (0735 950940322)
+39 (314 8589680)
+39 0320 121333333
+39 0771 859918144
3044484744
+39 0175 576495392
(0896 478086889)
0713 125420783
(323 1726621)
(333 7540308)
+39 (383 8312130)
+39 (368 2473559)
(379 6517867)
0870224112336
+39 362 9313325
+390731422690974
+39 (350 5938901)
0408109008674
+39 (0366 867561714)
+39 (388 4671419)
+39 0987 951295410
0795683139624
+39 396 9451298
0269 373505735
+39 033 903099342
(354 7939804)
0116112391913
+39 316 8917100
3094048643
+39062468325316
0453329253241
+39 300 7672520
+39 376 9540294
+39 0558 398346597
331 2002180
+390471359647281
(0475 865668835)
301 4916989
342 6240673
3863817655
0396 58795224
0641103543164
+39036816309481
+39 0856 224830980
+39 325 5327845
+390309552011440
+390802878084442
388 4259656
+39 (0937 163950027)
387 9225996
0984 623916852
333 2851990
360 1491775
+393679694497
0681 459272281
(339 5658693)
(0173 875735770)
3892636500
+39 (0214 339188618)
326 1057940
087948137209
304 4745476
+39 353 3702339
(360 9309772)
+39 0385 687719628
(356 1955310)
3923568603
+39 0452 815124242
(353 6344472)
(0665 553648335)
+39 (0805 313458844)
0299349226844
370 9075697
+393735497861
+39 (315 6337758)
(0274 59519133)
0498876710181
+39069493745987
+39 (376 4840699)
(0923 89802973)
(378 9131921)
+393637559058
+39 (0105 330608481)
+39 (0856 479585336)
0458949459242
+390430843418017
+393894645098
05877882815
+39 (316 7423401)
381 9144517
+39 0955 508048871
3356447556
+39 (0889 474147104)
(331 8583954)
+39 366 3124936
+393259180884
+39 0567 8405119
+393339472744
301 4959970
+39 (380 2640208)
(330 3768823)
0596453796394
+39 0620 516887006
+39 0396 398668631
300 4093226
360 7849251
0747507012783
+393226681684
+393558895336
05157385108
0512347123081
3117838464
379 3343602
(022 18737695)
3113100240
3616125878
(324 2844959)
+39 (083 816536775)
+39 (058 495830141)
+390817162140627
+393267698629
+390790244004959
0356 804617316
(0485 832946501)
+39 (381 5279691)
3014252229
(369 4007923)
0224 755372497
+39 (0361 54832851)
+39 0216 191186197
025795353178
+39 0639 110649679
+39 (362 2726152)
(0634 130901996)
+39 0374 180393933
0794 634257330
371 1873917
+39 0908 406065953
353 5711128
+39 (0271 532725458)
+39 (329 8238333)
+39 0309 50313098
+39 387 1495498
3074934629
(0841 105671761)
095 786079717
+39 0112 494593607
+39 (304 5540550)
+39 (0214 167622123)
+39 0986 989415754
327 7403754
+39 348 1441858
+39 (0841 631474910)
+39 (334 5677947)
+39 0752 430023754
+39 360 4944415
(0986 853010626)
+39 (0875 545336007)
+39 0747 560479407
+390924559088485
+39 0425 257640261
0256 826727382
317 5061732
+39 0980 979510109
0614 845373434
+393402955652
0647 957194089
+390790384255428
+39 097 650854412
+39 0552 835317374
(0495 956413839)
050693722630
(0599 488895679)
(331 1559317)
+390615107643358
3386580398
+39 (396 6969907)
323 8085378
(319 6727887)
+39 349 2153805
+39 (0938 977415096)
(0934 997970601)
(0575 824150610)
(317 3122638)
+393616386162
0871 725086820
(0400 311832191)
0147 588386388
+39 (0184 355214795)
320 9629420
0841 980322368
(315 6648950)
(0107 175236783)
+39030066120146
330 7790741
+39 0875 339348345
302 4406033
3628402086
+39 (0191 562198585)
+390820135031959
+39 (336 1312594)
+39 (363 5725338)
+39010344481648
+393564810129
+39 0167 972073895
+393713252144
+390529641421914
+39 395 3416469
0358 773454709
015496397658
+39 371 9854561
(307 5309644)
0611814640487
+39 (383 1697866)
+39 (027 185773046)
+390874603688087
+39 (0859 60603675)
+393579171666
+39 (0999 971622130)
+39 359 8297942
0506 409215399
+39 327 2231465
3715377675
+39 (0436 650417859)
+39 344 3914685
+39 (0148 800095828)
(0963 6959867)
(396 8820979)
+390265163190766
+39 323 4659808
0510 710410123
(312 4994208)
0155205052349
+393843752812
+39 307 2456978
+39 (0545 240968604)
+393245719713
343 1818537
392 3717769
+393806368344
+39 (380 7491380)
+393958560605
+393642865073
+39 330 3554590
+393436624211
3727227670
+390353119194060
344 5961392
0687734382437
+39 (0399 366902023)
(0867 494093347)
(0226 789400298)
+393553797153
389 9612999
+393926276374
344 3930221
+39 (0206 645382140)
+390159689845140
(382 6563236)
3707027678
+39 0975 760449996
+39 397 7683043
030 642469634
089383690879
+39019896238981
0710 627811213
+393064183726
(039 465190060)
0378899883070
(0736 315500590)
(0204 908845967)
0150798286535
391 2005238
+39 (0761 212153612)
+39 (0256 349105406)
3689754337
374 6296349
(338 3907162)
(366 2622840)
+39 (0438 803695336)
342 8571408
+39 0844 903078262
313 8974804
+39 (0633 145896008)
+39 389 4149715
3691397629
0283 927995858
0778 98065570
+393716301648
(0659 814133122)
+390808724991186
(0570 822357408)
+390737681593405
(0494 500192095)
+39 330 9002373
+39 (319 5203295)
+393016554762
(0441 723912236)
+39 348 1381408
+393114881363
3471619943
078 340850606
388 5388883
0201 489256196
(372 2364139)
3778486748
0149 647025556
+390857587694560
0546 815377940
(0565 287267609)
089377333068
+39 387 4386550
+393749035764
0396654477529
+39 0292 649509017
+39 (0363 876228768)
+39 (0811 296002227)
+393562475263
0315 900355036
(0499 550461745)
325 9722383
+39 369 8480941
+390754728260463
+39 382 8606405
(0788 354975848)
+39 (0462 234475051)
(345 2061919)
+39 329 8701088
+39 (329 1572991)
+390553411774189
+39 (0192 180775428)
+39 (0430 130240679)
+39 0530 883684253
+393475527740
+390375840160364
+393147582871
+39 (356 9149570)
+39 079 88856706
3266373406
0627957972966
+3908476986299
3194379824
0722582092964
+39 341 5174479
348 8311236
(343 3099521)
+39 308 4962972
0487 527443494
+39 0117 125990309
(337 4699534)
(0799 888403653)
+39 (329 3086386)
+39 0124 967719352
+39 (0999 774712691)
397 2215671
(396 3312550)
(354 6442729)
+39 368 3177484
+39 (0131 839194022)
+39 (334 7095024)
+39 (367 9976406)
+39 0518 90862836
3608760220
+39 (384 4356988)
(0130 341734807)
0923 573804372
+393614173687
381 8237174
+39 383 9926195
(318 2423665)
+393227140401
+39 0563 75757082
+39 (0903 665732223)
+390165368025140
(383 7346119)
+39 (0490 731542473)
3153076068
0161 46091226
(363 6527128)
303 5642354
+39 (0348 317562101)
0686 32458997
+39 076 718583360
3833958265
+39 319 2997831
+39 (304 4889920)
+393736972206
(380 4228286)
(392 9689836)
+39 312 2628323
+393508098201
+39 0826 327051454
+393289110801
3224093535
0215820154485
+39 (0241 14590608)
0746655153617
+39 (0776 711782374)
+390776415115996
0767 911356560
(312 5598078)
+39 (377 3678506)
+39 356 3470666
3517282579
(386 4640572)
(302 3251889)
+390192767122292
0972 339850809
+39 0157 466156234
044768255765
(0621 231254490)
+390674853217248
020 395402376
0747468607490
+393484725517
0634471906969
+39 0127 104091516
393 3307663
+39 (337 5076535)
0488486665071
+39 382 1316288
+39 (0651 651680598)
+39 0480 124800111
3983756166
+39 380 4962899
+39 391 3734074
+39 (353 4849219)
+39 (0805 810691640)
+390569742945738
+39 (310 6313041)
+39 (0926 653040432)
+39 393 8130285
(0347 898268077)
+390154499431741
(350 5267674)
+39 356 3905413
+390501960314426
+39 0125 936315267
+390745609323228
+39 338 5775279
3028136353
047382672389
0465893534693
0191 315395742
+39 321 3205139
3672583369
(057 944493020)
+393949747269
+39 (0271 389078035)
+39 (0767 763108580)
+39 (345 1003955)
3265889017
+390456252313885
(0623 302885371)
+39 364 7448039
3432484070
(0319 273306600)
3474669231
+393694709821
(0696 226306167)
+39 0450 384028248
035 773012486
0553 639061909
0649 653275289
+390820603496710
+39 (383 6112584)
+39 (385 3072893)
+39 (0787 305559741)
06797118715
+39 014 883682246
+39 0124 767678520
3053504614
089 584055911
0134 517412667
0540396342913
+39 (046 462985507)
0818 932082869
3806540130
+39 327 4070984
0385 401736412
+39 0714 284990449
(356 2786661)
339 6792930
322 3489873
0350 861542909
3481993316
+393288871730
+39 0405 373213019
(324 1416751)
(362 8184124)
+393193093154
(0731 509571751)
+39 317 7497458
0613 482251739
+393613962405
+393017452913
(313 8707497)
328 2960229
3884580491
3266276372
+39 0650 584138113
386 4555863
356 8585125
+39 311 1951808
+39 0609 885308470
0606608118382
(0272 351363432)
+39 (366 3991694)
+39 387 3909771
+390298160247233
+39 356 5497735
355 9832993
3593670251
(0107 610959316)
309 4676210
3633054235
+393446929620
0687 197524470
+39 382 6157610
+39 (0528 569538680)
3167044993
0127948186373
+39 (329 5351927)
(310 8190629)
+390930144965769
0506625048333
0248 398065147
+39 (0973 886504138)
(0163 19368862)
0993915720190
+390989986507495
(0117 564022571)
3278335632
(0472 565694384)
+39 0200 286667877
0674889261957
3588695353
+39 0891 735545798
386 3018655
(0407 247957949)
+39 364 5129356
0862825937095
+39 (367 2929370)
+39 (0226 432099025)
0150324569693
0528 853397536
3224950607
0587 728879423
394 4064170
0167168795515
+39 (0923 592189171)
0749 349434395
+39 (0795 894650849)
+390682122290181
(383 6988383)
+39 (311 9955390)
+39 (0270 319505771)
0680 885323351
(0980 390985172)
3517276590
+39 0936 898490039
0879451007773
+39 (353 5096120)
+39 (310 6253817)
+39 0341 905948911
+39 376 4657159
+39 392 1460172
0625 631357966
+393035347458
+39 0570 801758703
+39 (0974 212313455)
3448693122
+393652782947
(0440 137468754)
+39 (351 4290368)
330 3405540
337 6315319
(0353 673845200)
+39 0549 6725781
0284 335396710
+393659681631
374 4547450
+39 (0767 55338890)
(387 2755037)
(306 3044135)
0796 524473661
+39 (0239 269074913)
(353 6795407)
(396 7841805)
+390191947313755
+39 (308 8760692)
(340 5266903)
0805974352721
(338 6827668)
+390590670028302
+39 (397 9702752)
(0908 833897417)
0550795961139
+39 0262 944656513
+390942694182874
0995247159330
0341 365492568
(332 3949829)
(0802 515370689)
+39 (0696 355412613)
0860586459160
378 2652463
+39 399 9180518
0365 615544462
+393216933530
0614634956453
(0815 824698067)
3998004166
+39 0951 699959996
+39 (354 5138576)
(357 2555341)
0270 19491141
0551317794076
+39 0214 116663096
(0342 837494500)
(364 3586658)
+39 0962 131961324
3718025029
+393296387267
+39 0573 267573883
+39 (333 5698406)
3365283349
+39 (0654 956058743)
0809 548469883
3598356394
062498919863
(012 883477392)
3412915979
(0837 584257986)
303 2852548
0709 705132584
346 3993869
0231 417637329
302 1695149
+39 (356 6909216)
3393977715
+393235586644
0385624879502
0282586423451
0782 201803097
+39 314 8405424
0650 922515620
+39 (362 1649100)
+390886744398144
+39 0262 654607075
+390442747985133
(315 2512877)
039936634016
+39 0769 324815957
+39 (0693 920389731)
397 7853044
0238 483535440
308 1293363
+39 0873 798187309
314 3324308
394 3368223
3792618723
(352 2294356)
+39 0880 550418426
3538911910
+39 (345 7011905)
301 5909089
018921081142
0586103814464
+390473623166931
+390971762349475
(0654 426421025)
+390477320354272
3802425117
+393927629644
0833893790499
0775 567789717
+390696752390996
+39 (0708 51676094)
3428980571
0703 39220307
3434792545
(385 2874216)
0332724557970
+39 396 9574754
(372 5436940)
048473669776
3753877059
(335 3647003)
026 281966209
0361426941196
+39 378 2110505
(0673 293563638)
(356 2420479)
086192271886
3812995979
+39 305 7625515
370 5445546
(329 7863704)
318 9752673
(312 7552286)
3511480619
3518779924
(0990 390136497)
(0110 697424843)
385 8757497
+393694878289
+393213658054
+39 07 179689160
(306 4241818)
314 8599739
+39 (319 4771579)
+39 (0860 533815187)
+39 0381 545902967
+39 (0349 899806202)
+39 348 4574118
(337 9128828)
+39 (315 2584712)
(05 262557455)
(322 9713598)
(0965 655590747)
+39 0839 515117887
(0659 942962643)
+390326363739799
333 7830646
+393798319929
3871002693
3316404561
+39 0179 945432529
+39 0759 520565723
(352 8591342)
+39 (0928 692367423)
(374 2531741)
+39 368 6996459
044116580957
(0714 209097380)
(336 4237746)
3448100835
(0117 940982741)
+39 (0121 206247204)
(0455 330229127)
(347 2680396)
3267778040
324 5190309
+39 (0280 738699758)
(367 5134142)
+39 0477 549098380
+393231721913
029734241486
+393613752083
3836210145
+39 (317 1247309)
+39 0625 545182430
(0457 321907333)
3615849220
3793211103
+39 0980 96297600
+393833305947
+39 0177 758161582
366 5950660
+39 311 5374024
+39 378 9233896
+393503532221
+39 (314 3655577)
(310 8020848)
0567522194190
3793732389
+39 0290 227728453
(362 9410549)
+393481245051
+390301344309522
+39 (0256 412652095)
+39 (372 8028722)
(319 8189409)
0614794700786
+390755720559225
+393053389489
+39 (0209 848310500)
+393277138539
+390676406260179
3776867118
3441127658
+39 0173 631914695
+39 308 2691085
+393158932982
(391 2730455)
+390566589058434
+39094372222896
+39 0245 427913493
0657 920147219
+390224643975407
058570369591
+39 0304 855702090
(351 3547765)
3443962334
+393831659554
+39 (0146 550114492)
+39 (0556 703405120)
399 7009167
(0335 264135043)
+39 (315 2483250)
3569563807
(377 6036778)
+39 (0983 660075718)
+39 0963 776431380
+39 (338 1200392)
324 1672510
3215280616
+39 (0418 493110060)
+393793663605
+39 (0579 31641751)
0673339720610
(0210 96847293)
+39 302 2628618
043512943017
0374 342204144
+39 (355 2311180)
+39 (385 6618500)
+39 0299 729868878
0875 101265018
0650 287300996
+390404250431121
0115915773800
(352 2548436)
(391 1278974)
+390107309970288
+39 (0255 867537771)
(0662 851331035)
+39 324 4881312
(0667 581990129)
373 5085324
0683472962772
+3904150481095
0466723243031
3973982293
+39 353 3405420
+39 371 7994706
+39 324 6811445
+39 (0528 319375380)
+390496916352743
+39 372 1352863
389 8689863
+39 349 1239078
+39 (304 3380960)
(0258 377097695)
(031 381370873)
0604711540199
+39 (0436 487610566)
+393934695742
+39 0421 379839045
3629366532
(306 5547725)
3324668179
+39 306 9799040
+39 0827 887426200
386 6611524
0250507064604
3909942809
+39 0481 655660187
+393048217172
3536169947
+39 (0643 904637313)
+39 379 8740762
+390627804919447
+393974994107
0578594209901
+39 (348 2252408)
+39 (399 5851299)
3286412700
3626815387
337 3191474
+39 348 6207099
3787469665
0988712703995
+39 (353 5043718)
0866774831321
371 8395905
3663264479
0968409091935
0966 798750289
3946584838
3473904866
+39 348 4391921
0479 92885910
01071337184
363 5360050
0849364369271
(329 3073951)
+39 306 2635456
+390430873036434
0211 87408095
(0531 137673451)
+39 0379 178168917
+39 (0474 778960660)
0721176819591
+39 371 3764472
+39 (314 7168478)
+39 390 6286432
0983 547215051
+393938851188
3651580414
+39 (382 7581143)
+39 0126 435366514
+390585858430000
+39 363 4308920
0813627186710
+39 355 2799496
+39 380 7735198
+39 (333 3359817)
+39010969425294
+39 370 4716233
+39 (348 6335594)
(360 3237687)
(361 7226438)
+39 (301 2230955)
+39 (0727 695772522)
(0936 534879534)
+393576423956
0465 291616234
+393592588031
0341574575163
+39 0908 646629810
318 1130988
390 7517367
3306691398
+39 0115 245338032
+39 (0552 299582384)
3305092423
+390759122716490
(0501 645261610)
3696938400
382 5591612
+39 (315 3357686)
+39038928601194
3168647576
0474 675266670
09 635427625
(039 975827068)
+39 (396 7196382)
+39 0537 76860145
(392 9179782)
+39 0790 304091223
+39 (0937 473371385)
+39 363 5580450
+39 (0174 490952169)
(0408 390522078)
+39 0846 227799008
339 1698093
3424265656
+39 0756 212853644
+39 (376 4862898)
0868 204584962
309 1786356
+39 391 2932016
3712151922
+39 (331 8057322)
+393082291714
(329 2725976)
343 9952094
(0643 921265584)
(312 5293162)
388 5907335
318 1014004
+393709430553
3169510255
+39 0456 543184584
(306 2033163)
+39 0491 674909680
+39 (0721 144129319)
0874206202014
072244575701
010907347386
+39 349 4221433
0907 373440570
+390708769882228
+39 079 817380886
+390919124397889
343 8112330
+393895112469
+39 0648 122435339
0660 325951280
+39 380 9375628
+39 (0281 579030666)
+39 0972 965214833
339 6278616
+393997722091
+39 341 1832505
+39 0706 219276463
+39 (0233 595589477)
0569218653316
333 8207068
+390924156732810
0861 162025407
(341 5487202)
3642327095
3525822941
0296 916119516
0465 771537098
(304 5869007)
0287 24962921
+390822804338006
3608485019
+39 0241 150614363
0940 597625144
+39 (0320 218013746)
+393589336644
+39 (347 1431445)
+39 (0732 51470970)
+393476610489
(342 7513482)
(0138 207933689)
+39 (0884 308597067)
0971 520986353
094325440112
(360 8838746)
3432695793
(389 7301313)
(321 4222763)
+390682103993573
+393206488337
+393371331078
+39 0962 759326259
+39 (350 6352559)
+390855373762563
3196157204
(385 2432488)
372 4825663
(0459 271601244)
+390467819323069
359 1723328
(0981 641977871)
348 6503241
+390613568054421
(0279 53019525)
+39044350679626
3335486762
+39 0956 148345912
+393213047431
+39 0595 745403189
+39 0173 754019092
+39 0397 608705617
+393151178931
+393752118934
+393383368891
0476522105613
0516 879084539
3987564781
+39 377 5929101
+39 306 8130453
3142816081
+39 (0242 55892062)
+39 (0207 85099915)
+39 300 6120054
3137249935
+39 382 6026476
(397 5071585)
311 9241614
358 4307157
+39 337 9966949
345 4588288
+39 (389 2499759)
3612998739
+39 0793 514707586
049 211018286
(0784 607318170)
3997724094
+3905335870234
+390372265234711
+39 (353 8684704)
+393098732294
(067 245091218)
+39 338 4024495
+39 377 5373702
3529716544
0481566203627
+39 (0551 969084965)
0770 873742846
+393697985231
0237530145906
(0581 462042692)
310 3372722
+39 (0693 914173274)
+39 306 5717710
(344 7704089)
0684 44367576
+393593443475
3237043596
3672348687
+39 359 6860069
(335 8082891)
3249196672
+39 0869 501955748
+39098994272919
+39 (372 4084992)
0505443335470
(070 502687367)
3847246332
3187082936
3672228180
3289146038
+39 0591 708641933
0163 21194385
+39 0712 253224502
3324154649
359 3068766
+39 324 7168573
+390404767536980
+39 (0278 502311187)
361 6775148
+39060157005252
+39 311 4541696
0777656851719
(302 5233773)
+39 (326 8532948)
3888052321
0221847126427
0679736679800
+393856553887
+39 0226 993478307
+390115696549558
+39 338 3122270
+39 0858 668699984
+39 06 288944154
+39 (317 9292698)
313 6439969
+39 (378 4895654)
0683977803462
+390282914632610
+39 0710 24410114
+393888572162
0332 485894062
+39 (0809 459997045)
+39 0492 331114546
01622969144
+393117191171
+39 (0440 660467970)
+39 362 5786060
(314 1996098)
3954253298
+39 (315 4803540)
(391 9032146)
+390789952386277
377 2386203
+39 (0264 278339697)
+39 0701 966697729
(346 9880941)
+39 326 1605316
+39 0160 210030606
+39 364 1356242
+39 (030 573243952)
0121 341085761
+39 (0920 394185666)
+393032186610
(341 4359466)
+390670526969796
+39 (0668 691366131)
+39 (341 7688333)
0841340826135
(398 8166857)
0999977870820
+39 (0880 475927265)
3568093515
+39 0485 6525628
+39 367 6872448
+39 330 1130643
+393713949826
+393236131935
+39 (017 408974030)
+39 0379 744027731
3613728260
+39 0929 189846918
(317 4749814)
+39 (319 9729908)
+39 (319 4101266)
3718941648
+39090461716982
+39 (320 5846791)
+393893066966
(344 6354894)
+39 335 9065731
0898 462245245
+39 0898 227498201
+39 0600 592941600
+390716767774828
(319 1906538)
0274 791403491
+39 (391 3080625)
+39 380 8531588
+39 304 1049749
+393769589731
0957 711871050
+390528901498174
064486655022
3988108247
355 8130813
(0225 908588868)
+393396002690
+39 (0122 462303763)
3263460733
370 5395158
+39 (0908 959451217)
+39 (370 9765877)
0721 850569290
(342 9346869)
0570328869021
+39 079 89220617
(372 1025359)
302 7934680
+39 375 2333042
0895 745553713
+39 0374 194242247
0914438966914
(0616 214981251)
(0627 271807238)
+393122170103
309 7272956
+39 (346 8419979)
0831 436246580
(324 1681358)
326 2071368
+39 0735 54025646
+39 (0484 974115417)
+39 0814 646531156
+390889821284375
+39 (347 5978128)
+39 373 7698013
3437258806
+39 346 3281509
0523935310727
+393287146282
+39 (086 698901026)
0784650279443
+39 (0446 485824124)
0834 332727527
045189018835
+39 (0907 621341710)
0779 259405386
+39 (0328 62528595)
(0382 887076987)
355 8232952
+390871597497565
+393775891925
+39 (379 8706469)
+393049529679
+39 (344 6486487)
+39 0586 174976950
+39 (0444 698017064)
3208428547
+39 389 4608610
+39 (0613 724383248)
+393499197403
+393113881175
+393591392952
3237057555
+39 (384 7692041)
3346753425
+39 (391 8262891)
+39 (351 9141798)
+39 (012 910115952)
+39 (354 6422625)
3286621687
+39 0256 768375782
+39 302 8285057
(099 22726592)
3119449959
+39063567022324
020701131905
3361819743
391 4443278
+39 341 9732595
+393695546951
+390207240257530
0196 150101935
+39 325 3109316
372 2254599
313 8184903
+390442610309913
+39 (0262 262350765)
(317 7283320)
+39 (391 8484991)
+39 328 2861821
+39 (0143 533953330)
+393333423738
0243519823232
0981410645163
011375118510
3724557639
+39 0440 220496914
(0403 431862651)
+39 333 4790484
+39 (303 8646094)
(0382 939714415)
399 9323745
+393482852592
+39 350 5844353
3037298518
(361 9547394)
+39 (0355 922256923)
+390482714721651
0719 11589181
+39 349 6965371
3225232363
0554977165552
+390315864927036
+390796790313487
+39 0702 217917722
345 9146509
(0994 768078473)
0351 137351955
+390614967478784
+39 (362 6089543)
+39 0869 681702127
+39 (327 3524548)
0873164942859
+390235812608557
041112645892
+39 353 1086064
0853 408929958
+39 (0643 109311169)
+39 (391 2583750)
+393534596028
+39 0301 885319374
+39 331 9697159
3771163509
0549 342245637
+39 385 1821102
+393101463703
+39 078 764284493
+39 336 9887259
+39 0779 155245564
(0501 504993532)
+39 (059 350734506)
+39 (302 2493174)
319 8350344
+390457668501860
03696912143
3643577415
381 9049469
+393471785837
+39 399 4514814
+39 0217 429369262
+39 (0620 707118604)
+39 0301 15044808
0299 51567467
0504 613865646
+393653779133
+39 320 4764872
+39 0347 187414643
+39 (335 1771590)
0366410345367
(0235 915728218)
+393398338618
+39 (339 8948729)
+393796484472
(0986 13824324)
+39 0810 175962693
+39 0516 38265593
0895152346304
+390319293809256
3623651287
+39 361 8236061
+39 0568 81351079
301 6273185
0531881778014
317 1146947
+39 0578 389649951
0656 839207397
(0733 416320895)
3928053456
(315 1608371)
376 6700889
0761614686526
+393948628194
+39 (057 310703422)
353 2361395
+390503197194902
+39 (0842 234905926)
342 8692127
+390658598786998
3015909574
3847800985
0639462788006
+39 (0337 82332802)
+393746917352
+39 0529 918387696
+39 (0112 482715965)
+39 0686 577285192
0483778903804
+39 (0244 156714855)
(382 7762551)
326 7608906
+39 319 4007814
3461231317
(0144 730175397)
3178348714
3984878595
360 8970010
372 8314684
+390329156233523
(0118 161841459)
024265544453
(051 589718175)
(301 8960819)
3908670360
3761174095
071857922209
+39 (357 3586427)
+393285358005
+39 (0491 254788579)
0842 26887222
0759 903036952
+39 (0247 100961057)
+39 346 8292536
+39 340 6034983
355 7193323
(364 9708477)
+393801860725
+393673462967
(0977 583217834)
0719325046370
+39 0199 690903628
3611316992
(0782 243588261)
0259 510298632
337 8025606
+39 387 9906857
+39 (351 2590303)
+393514650576
(313 5071553)
3292807458
+39 384 8126691
(353 1156686)
+393595025770
+390387604300100
+393797034448
0500224069555
0329 194101233
0487 831433280
(368 5568202)
(0243 932894939)
3974581247
+39 (308 3143800)
3949817871
0350 397025642
(319 6252979)
340 3893971
+39 0483 603010471
+39 302 5637831
3803570866
+39 0333 186079355
(0616 388778896)
302 9778534
+393027090124
+39 364 7668333
+39 304 7971330
363 9782447
356 4325427
+39 (0417 809986401)
(0762 907984437)
3815620827
(0119 832188292)
0322 343884322
(389 5939535)
(0440 588666559)
+39 (317 9234935)
+39 393 4593738
377 8645964
3616753246
(0433 443381594)
+3905325251736
(0212 83379497)
+39 0253 97227205
0325849994828
0882 302903348
3385565622
0703996816506
0777958783255
+39 098 69302965
+39 0665 77782058
+393279435640
+393412371330
+39 0575 35987426
(0391 279018279)
310 6300580
+39 (394 6729922)
+393604642347
+39 313 2695084
+39 359 8071051
0378 252665361
+39 335 4685527
321 3334414
+390409559136389
+39 0283 413210622
+39 336 9610171
(0184 351000440)
0614 936622744
+390391501639743
+39 (380 6085181)
+390845398136422
(042 344413845)
3366659257
+39 (0273 242083942)
+39 013 741680486
+39 (0625 882977200)
(0112 816863931)
0631 495508218
0885 275794700
+39 (368 7350687)
+39 (0573 289919469)
+390572194364909
+39 308 5188994
3258118025
0894 596219802
0917137151621
+39 (0629 610693094)
311 3181877
+393404786834
3224591404
(0451 65331939)
3231618196
+39 0457 136972075
0666 878958775
+390406725145665
(355 8433484)
+39 0419 550062629
097 896714904
+39 388 6977564
0710884221913
+39 0591 406718280
3457020553
(0772 219235188)
(0393 910408603)
(362 4335524)
(0425 832141421)
+39 (368 1395551)
+39 0475 203507461
+393027697344
+39 327 4655319
0235 804120390
+390316544536970
+39 (362 2015594)
+39 309 1688617
+39 390 4622756
(0382 951479816)
+39 (379 7340478)
+39 079 207416799
0804 369551914
+39 (0932 228016602)
+39 0914 74514869
+39 353 2843265
(349 4858920)
+39 0963 572083450
+39 (316 9868304)
+390421848502373
383 6517208
(318 4376406)
355 9022930
(302 1820755)
095768963317
334 2939185
+393047130324
3532879137
+39 (348 9025743)
(305 3746960)
0483 723300373
+39 354 7060305
051 789266025
+393375285275
097 871177346
+39 (302 2110047)
367 7206870
+393746827605
0567229085046
(0844 993740804)
+39 0732 377344325
015635332949
+39 328 2729492
3657360765
+39 (372 2815220)
+39 312 6777840
+39 317 1193606
352 3844093
3284270127
+390504357107800
+39 333 5876267
+39 321 9243786
+39 (320 2957334)
+39 0211 583495316
(0897 661745423)
+393922709387
+393105350090
+393025024285
+393527546690
+39 382 6723408
+39 (311 7577266)
+390671139036309
(0990 376943076)
+39 384 3310918
080789442858
+393089666691
3233750904
+393433625183
+390642940141710
+39 (345 5304406)
0211 815933674
+39 375 4520810
+39 312 5082629
+390194218215986
+390869197460211
0986215495
(335 5645112)
+39 375 9098681
0247653585635
3599895071
+393253629001
+39018028665948
+39 (0548 2123862)
+39 (0240 126948236)
(0113 29273544)
3673032909
+39 340 8182230
+39 (0885 538815754)
378 3289118
0851461919191
3909035974
+39 0493 701478595
(365 8925725)
+39 325 8121924
+390840170475713
070720966505
321 7755578
+39 (384 5099843)
035 26024200
3425409925
+393988031654
+39 (0788 622319673)
+39 (0725 799451335)
0112468449105
3572442286
+39 386 6761196
+39 (314 1299398)
+390720737647161
+393591472252
0238252682177
+393629114071
351 9921782
029527631405
+39 (0679 505358576)
390 5956424
(0956 183381943)
0553112865502
+393593225166
+39 (324 3889213)
+390789587383987
+39 364 5345490
+39 (0644 689164984)
306 5923697
0413482463514
3356421337
+393878465801
(0378 280173226)
+390679166609617
(0430 710695302)
+39 (0527 528777563)
+390394722066491
+393952849092
+39 (347 4144483)
+39 (0352 209593539)
0713 309853100
315 7784941
+39 347 5405293
0509 430444165
+390625515565792
(363 6157210)
0265 368722740
(349 5798833)
+393667557366
+39 (0499 605514423)
3451683423
0483 385362697
+393473699477
(0536 843117506)
(069 942438788)
+393183277899
+39 (0348 143722539)
0564 51170258
(397 1618359)
+39020837541521
+393348584082
+39 324 2208755
379 1004902
+39 306 4415975
+39 325 5654534
+39 0573 545209281
(360 4346769)
381 6562552
+39059325374894
+39 0980 226119455
3964232380
+39 010 7239118
+393075131331
0234331916790
397 9774752
+393669095149
(337 4174038)
+39 (311 9933678)
0637 39980244
(0827 945078626)
382 9382913
0672193555633
+39 (333 4814699)
+39 (364 4594488)
(387 6965316)
+39 (374 6325950)
3753343271
+39 (397 7235241)
+39 (374 5649155)
+39 354 8026534
(0177 708104387)
+39 (342 9888412)
+39 (0248 646289901)
(0738 706466962)
+39 (0653 675636995)
3894634958
390 8765188
(363 1203411)
+39 (344 6095359)
0542303366631
+39 0399 805465798
+39 332 1331332
+39 311 2851726
(339 4413071)
+393752052969
(379 9955674)
(0916 574961463)
+39 0393 620397400
+393819179116
(341 7098995)
+39 (0810 312622644)
+393552409062
+39 (0219 873250839)
350 4380721
+390150766265187
+390779368844989
350 6520833
+39 (330 4270528)
(333 8323081)
(0316 209616678)
+39 0140 566279158
+393402110843
+39 (333 5187042)
+39 329 2311125
0590 962680742
+39 314 9129236
+39 (363 5864229)
0722 314797723
(0497 940220787)
+39 309 8746182
+393072756044
335 1826673
+390987518612445
0226 309977490
+39 0902 511874189
0421 439489894
+390845427402209
+39 (365 4074873)
3875084993
3587996418
0362 474921666
+39 310 9920084
(0462 262233345)
+39 (0447 915176843)
0261403412272
+39 056 158428952
+390269721553116
+39 360 9594531
+39 0751 576708746
+39 349 4411451
0194337959743
+39 (306 3830922)
+39 302 2362739
+393522979065
0682176077887
(325 4068428)
+39 (0918 927897566)
0493670031245
+390710115312815
+390517573161292
+390204751524592
0215676952281
3503738367
+39 (0956 807719158)
+39 353 7335888
+393514445666
3207673400
+390575287507111
+39077934712385
+39 358 1169957
379 2426563
+390184101658791
+39 0451 850846830
(0513 319214515)
+393734462681
(386 4780327)
(0962 690118231)
+39 0898 501357385
+39 (305 3106491)
0163594706392
+39 04 993438312
+390197449351576
+39 0601 76630024
(0368 821495443)
(383 3329637)
3896862013
(0460 325816199)
+39 (0115 525593029)
0477 770317521
+39 0277 383880432
(385 7742315)
+39046109004865
+39 (0728 958281542)
082683539319
+39 (0820 154119303)
0803129104516
+393506454355
(0569 882091410)
3204119010
0581 867410862
0768750753362
0339 729923255
(0700 984965705)
(370 7067261)
+39 300 3900367
3886015246
+393762937334
347 5157862
0905736626433
3572393840
(0439 709085685)
0798702055359
3446598808
(345 8600457)
(0634 608726483)
0506 665137319
+393416652319
+39 354 4260731
3091231222
0531359297269
366 6829252
+390819490734302
021 398361906
+393138469906
+39 301 4140002
+390132621842604
323 1664921
300 9416723
+39 029 973451614
+393885574181
0617941730119
+393902521738
(0747 528152781)
+393986558530
(356 6778432)
3476273760
(089 491794107)
+39 0517 839745876
+393871524398
+39 0469 960685132
(0374 40757489)
+39 (381 1507461)
3922030049
0547673762918
(317 7344152)
+390524261949553
+39 393 7171255
+39 389 5517146
0786 558336154
3313987547
0388 935548120
(0287 184828473)
(353 8392599)
+39 (0542 965698501)
337 8455632
+39 0629 90408653
+393865096617
(0353 342601205)
+393365545830
(360 1383168)
06347491377
+39 (304 9785452)
3409250447
+39076946557418
(0878 461040170)
+39 (393 7178548)
+39 (073 281710264)
(040 662159313)
(0644 879569121)
+39 310 7251671
+390883777267030
0976 551212022
+393284367028
+393391368143
+39 0151 806236592
+393466893038
342 7949639
+390239236503921
+39 0399 13775573
(0614 939816653)
3643577771
(0961 169935014)
+39 (0141 791953170)
(0147 618363915)
377 6345710
+39 0159 313173457
0638591556438
+39 344 1247327
+39 0560 326737958
(385 2734279)
0763 310952105
+39 (321 3848192)
0939433128106
3736199058
+390537152065391
+393946485635
(337 1906966)
0443317164551
0634293137844
+39 (0904 691582185)
354 9167595
+393147769679
+39 (351 7981297)
+39 374 5433169
0698 705728146
+390650789241036
+39 0500 458094449
+390511309327767
(352 7267530)
+3906765782304
3126263010
036418926360
+39 (385 3091028)
+39 (010 996586027)
372 2987706
0431 725695266
+39 365 8144920
307 3634722
+393285978152
(337 4566598)
+39 0578 767515610
+39 (0613 461331915)
0188 488057060
+39 (326 9888822)
+390952349251295
0421209113290
+39 (314 3940686)
+39 396 8772710
0425 734625004
+39 0294 833727831
047 451684750
(375 6426336)
3466264266
0716 455533496
+39 0416 62931641
(0520 147306802)
(0297 622870395)
0477 451248101
+39 0154 673462351
+390473592051774
0201241749557
+39 (384 4044210)
+390720691214858
(0321 816885042)
+39 (0647 379216863)
0551308446299
3454630768
+393848555508
099 857795171
+39 (0846 58163417)
3471895803
314 2872206
+39 (388 3105511)
+39 365 8485326
0362450327422
+39074147131877
0616139437975
3316345239
(090 444423425)
0906255347170
3704163176
+39 018 191242525
0647923586129
3329509394
+39 (330 8920113)
+39 364 6138584
0332 475538284
058455210308
337 8204654
+393585596327
0922 733207262
(380 2909644)
+39 (0363 254411315)
+39 369 4762435
+39 (349 2663970)
302 3852974
(364 6222954)
303 8859269
+393778227161
+393181997278
(0875 34752778)
(0180 125681789)
+39 (314 1335203)
+390585129309808
346 8328568
+390273590962556
+39 (328 2266103)
+39 313 5751484
07 117116096
+39 317 9127179
0672625452560
+39 (0970 211511594)
(0172 681862401)
+390357633018880
0401481981499
+393678316845
+39 306 2138910
(381 7892622)
+393675791772
(396 1935216)
0324 368639491
0657991698071
3741350630
(0262 701716709)
3926478504
085 996621124
04 437383719
3889090634
+393636055160
0357498729652
+39 (379 7894406)
359 7883870
334 1248436
+39 054 187743989
3048901566
(376 6768183)
+393531949233
+39 0953 244995871
+39 0256 816606233
017768117432
+39 (341 4559825)
+39 0642 590317363
069141378451
+39 395 8155124
+39 021 668853977
3445117984
(307 8092204)
369 1643184
337 2094177
+39 0665 593615629
(0629 491104024)
+39 (0906 362061392)
(0998 187225253)
(0456 806510088)
+39 0219 368216543
+39 (327 8588747)
+39045962237621
3427678267
+39 (0437 490710977)
+39 313 4849006
3017038397
+39 (0929 665705678)
(039 105613215)
0420 487050263
+39 0740 96442903
+39 (318 6426807)
+39 (0626 37727307)
+393343669988
3967237494
+393406819315
332 4803872
3465427006
(0679 83497840)
+39 (0807 205272695)
(0941 394553188)
+393272070352
+39 366 5020237
022933292055
0305229187945
327 9456272
+39 (300 8722357)
+39 364 1453653
+39 345 5667902
+39 369 8641931
0242307985217
+39 384 5178756
074 13882435
+39 (314 9761536)
+39 (308 3905612)
+39 0730 842629568
(0251 812417631)
091771590628
+393202054113
(333 3585742)
+39 356 1574095
+39 (050 940164913)
+39 (0846 766262100)
(362 1457970)
094290456578
+390631486811231
3355340937
(0360 461815212)
02 975684775
+390478819884259
+390826588204062
3489757788
(335 5554227)
+39 0307 665564611
0424 657998617
0452983808713
(373 2632909)
(0167 70092372)
+39 368 8276864
(333 3583993)
+393265180761
(334 7651153)
0490462402852
388 5989446
+39 0279 915433766
+39 (380 1445718)
+393454488496
+39 (0286 983580846)
+390475272776368
+39 (339 3934649)
354 5629973
(0672 479491687)
(0173 413282087)
+39016467481671
389 8417281
3377691207
(0814 624841049)
+39 (336 6080508)
+39 396 1059303
+39 (0842 678166860)
(338 5108975)
+39 (373 6531808)
+39 (0403 77485772)
0401 86568323
324 1141541
+39 (0993 447704812)
330 4730891
(303 1500814)
3503659575
+39 0398 524032788
030105447549
+393762149591
+39 (0834 799317711)
+39 (0858 562423344)
3395674654
+393866338717
0907 162702242
0598100561315
+390506856845132
0192639116800
+39 (366 2650655)
+39 386 4809282
0663 376641704
0317 509242095
3931386591
(370 8947704)
+39 (0677 343295325)
(0186 307256388)
(357 6608758)
(0881 579630563)
(314 1791974)
+39 (0913 550606183)
032472460960
(0741 47224973)
(0423 741102981)
+39 (365 4704698)
+39 (350 9511040)
+390207804150722
0666495130381
(0736 405670575)
+39 (371 8670743)
331 6111682
(0128 666604553)
+39 086 328297163
+39 (0600 300169359)
+39 (0331 756200356)
0378 243347875
093774090385
312 1086685
371 2447811
0964 40919133
0844 417927369
+39 314 5545640
+39 0818 466915681
0153 151550789
+390653375935225
+39 (0457 136647055)
+39 314 8319545
3936886907
+393398852899
(0405 179403354)
3629909396
+39 0266 651268306
035898679067
0353143127667
0304635846656
+393164445636
+390544299540848
+39 (0149 164570791)
374 7529435
391 1439358
3734374619
0226 835613528
+39 025 242367215
+393278270214
0702 126794996
0140270549364
+39071248748250
3176564553
3135429245
0486 396001008
+39 (0999 56855821)
(0883 538189665)
0372 474871372
070 20853928
+39 (349 8530461)
+39 0821 209328675
+390201877669555
375 2673704
3336845269
0835172025997
+39 (332 5655485)
+39 0152 239191602
+39 (0359 946774084)
+39 (088 188991862)
+393914142038
0300801311384
(352 9138658)
+39 (399 5685863)
+39 (0719 794460559)
+39 (0687 11850817)
3462790991
017284095218
+39 (0950 157702885)
3544453273
+393779414659
+39 (0368 192802144)
3004756299
0127 814595017
0194856703033
+390691885882183
0759570164634
(363 4130768)
+39 0520 98402362
+39 (394 5514664)
3756329006
+393598020818
316 1928999
(312 6426546)
(0359 763829179)
+39 309 8612610
(308 2639400)
354 7480706
339 4526691
(366 6054456)
0142 457225910
(304 3693494)
3593642509
(0833 701310849)
(0404 97401703)
3817006804
+390692830575607
+390811771168027
+393131793378
+39 (0484 447683584)
(0253 108890769)
0725294230426
+39 0740 702395164
+39 (322 7170849)
+393843802203
336 5469804
0548 510592861
352 9961732
3512482423
+39 (0514 614294997)
(0721 269658117)
3522806350
(386 4256759)
+393079990969
(0484 48496292)
(0246 608480725)
0753 657795173
339 6733935
(0345 519299222)
(0219 41090589)
+39 (0292 884294546)
+390198518213359
3586186427
+39 0294 209285307
(0548 835845016)
399 1878012
(0694 961453066)
+39 (011 326977999)
0218863231165
0630 526878886
3278840691
+393139167723
(0580 329806341)
+39 353 9810733
+39 (0260 696890040)
(334 3141450)
3914407334
(0168 982272808)
+39 0942 377987439
(318 9520671)
+390271824331077
0943 214402542
+39 (0733 227988623)
+390616374617670
060327919200
+390326908397319
0182642302980
3518391703
+39 (0417 702694469)
347 9529223
+39 357 2739517
0196150203551
+39 0834 372699125
+390456646729311
+39 (333 3419675)
(341 2105515)
+39 389 8536009
+39 345 2936045
+390955257932062
306 9052260
+39 331 8411204
(313 8955656)
3154564656
+39 335 6865573
+393198106061
+39 327 5349230
+393995444023
0836926819613
+393555889013
+393203190074
(0816 276954623)
+39 (079 634809949)
0999123974508
0594545809446
0642776006277
3918764030
+39 (062 473343688)
3455611474
3575431354
0743341651319
050835240904
+39 0834 173548810
(085 196504981)
+39 (0734 221810108)
348 9475303
+39 (367 5766553)
+39 (0269 509196335)
0662 778572964
3255069693
305 6343511
0943 264970230
+393574215237
+390533602498520
3444716095
+39 305 7545096
0826906844184
0785 99711785
+39 336 2354361
(0141 245269488)
0800132103610
075879721587
+39 0285 686455818
(366 3744577)
0347 850385880
+39 (0380 444253757)
+39 (0531 419963717)
+390299333410029
(316 9463176)
+390728973198647
369 8267480
+39 (0846 289213798)
+390214279076462
3247714578
(334 9710129)
+390155116126700
+39 020 403337840
+393608219973
+39 (321 3448632)
(098 668012230)
(397 3197100)
3328986687
(096 316623632)
(0854 456647514)
+390972422209644
+39 347 6960442
350 9305042
+393801674248
+39 397 9647593
+39 384 9232346
3708340357
+39 (0408 74570755)
(0102 183657150)
0980109729970
+39 0430 267153963
3259889767
033 518490725
3135767277
+39 0124 739085307
397 8620888
0161473277076
+390630919495290
0881780783835
(0452 119986855)
+393541135318
317 3609955
+39 (0962 741107728)
+393299655768
(0798 648082317)
(327 1691236)
0272 930280312
+39 329 9168301
345 5596962
0892638851529
095 658018710
3627889104
+39 378 2872719
+390339488588111
(314 7436983)
0572 771922936
+39 (304 6047261)
365 5261040
(046 537860116)
342 7667809
0503 580569451
+39 (386 9279528)
(393 5420407)
(0321 966855438)
(0746 992158977)
+390809397849986
(362 1035656)
+393938545301
316 3810221
+390382589037780
+393595059792
355 2233815
3337699702
3155044909
+39 396 2568586
0284316424533
+39 (0468 141601079)
+39 0913 577490830
+39 (315 3466867)
0214 838817954
+39 351 5824762
0288 91044191
+39 (350 3093427)
+39 (0631 790395496)
+393037071765
(317 6582396)
(0380 450546833)
+39 0645 950760823
0850 635690026
+39 (370 6499030)
+393554418294
+39 356 5326437
0470 265874547
+39 (0320 849765063)
+390681189361593
(0666 463146869)
(303 6636298)
+390282982276586
(0129 757165984)
0452 754251440
+39 344 2819551
0824555439592
3018110081
310 7614922
327 2422247
+39 (326 7203937)
(0725 69622863)
0549905616323
+393432827769
+39 332 4589238
+39 086 976770605
3115174822
+39 (0148 331873439)
(398 7639853)
3971826937
+390231907335328
363 7620510
+393865272161
+393556480579
0351239095823
+39 0891 340311217
+390900884838300
(051 351216704)
+39 0304 531947069
(0859 405679106)
+39 0739 556887368
(310 1607147)
(310 1272570)
325 5152880
+39 0144 555503636
(0831 559998185)
+39 378 2277265
+39 0127 828629154
0640636333713
+39 (342 5113871)
+39 (050 660368326)
(331 4362676)
0114257597709
+39 370 7146535
(339 9261664)
+39 0763 393543691
+39 (323 8128303)
+39 0161 681252341
(0318 614285320)
(0286 790305116)
376 3070666
316 4825681
0718 870579239
0440 904709610
0778 681249343
(0681 446533886)
3312279621
+390233642061029
+39 048 212312120
+39 (0308 919611397)
3937854563
+39 0444 16249633
301 3265695
3161900392
(049 154757016)
+39 (0535 295956059)
+39 0878 191706510
035 181611137
+39 (0183 481252599)
+393738392566
+393059279491
+39 (0359 972956353)
+39 (0738 692006592)
0818901295491
(0452 588208543)
(0691 630935938)
+39 0571 635360503
0442630047960
+39 361 2612915
+39 (303 9408910)
+393441403279
+39 0599 702191637
340 5840546
+39 0551 241343406
0890728079414
+393742591878
+393431524480
+39 303 9038907
+390657371712066
(0416 982139793)
+39 0238 423143904
+39 (0373 808774221)
0992 940672037
+39 0350 671845559
3312198199
+39 (306 6556259)
041536161014
+39 310 5213787
+39 (308 4122885)
0753 275096093
3954253164
(307 3124677)
+393773049968
0126297980884
+393948933922
3517096621
+39 (0893 375154915)
319 5605605
0438566088678
(340 2093283)
0672 610135824
381 1957705
3643914915
3648415925
+390506709631857
+39 339 5548764
0364585919239
0467765865236
305 8385495
365 5516563
361 8908624
+39 359 5830590
3813257347
0379341977609
+39 375 3348134
(033 273502606)
0973 899238398
+390959114096913
0751 379273576
3031979410
+39 (0539 399111426)
3586406113
3521199514
347 4208189
(0909 772574848)
0201 791172900
(332 6475578)
3792388893
+390295178646646
0349691781776
+393994527201
0583 933761303
+39 376 3187338
0775 826706069
+390144298501430
0452 429834196
+39 (0443 896633455)
+39 (0784 601251281)
+39 (0983 366612563)
(344 8043849)
+390828934458091
0820 774515707
+393023103374
+39 346 7593332
046 88445900
(326 9626932)
333 7828833
365 4392165
3496053726
3844803832
+39 0658 248042452
340 7012582
3961714965
+393349893166
+393354650565
3877349258
320 9679734
0412 649879726
(0772 16972560)
0152 657097293
+39 (315 4404651)
+39 (394 9656392)
0547921976027
(355 3643170)
0169 165365871
0181364443720
(337 8507649)
+39 (0958 25602805)
+39 394 4287998
+39 (087 194848838)
+393043502882
+39 (341 3711654)
+39 336 6219627
0379 430335959
+393177469671
353 4187069
+39 (343 1582007)
0842177304793
(354 9344481)
098 126241608
+390177694365186
0474 858946352
+390537345172767
+39 (324 2718330)
+39 387 2277884
+393197920899
+393352476493
+39 (339 9590001)
302 7865810
+39 (364 2526160)
342 4828749
(0123 462870618)
(058 653998771)
+39 0180 341490826
0334861754161
(0593 490669423)
0885633602840
317 8450815
0406460839068
(376 9815676)
+39 (0736 775139248)
+39 (334 9654510)
+393391680928
+39 0620 492356205
(323 6486109)
3637919113
+393232476365
+39 353 4238390
+390107450285395
+390248191677722
+390613723773155
+39 336 1753818
(0652 984283489)
+39 317 4717461
0296776102407
+39 312 2825552
(0397 143167367)
+39 (376 2440066)
+393986896811
+39 (379 1852674)
+39 (355 4484430)
344 6224349
+39031476793113
(0317 818920094)
+390929742417554
(0860 317802424)
3465025380
0846905616526
(314 2203705)
+39 (348 4893241)
+390173538720963
335 9327218
+39 339 3970762
+393963555191
+39 074 769042709
+39 (0581 57702507)
+39 0362 950042544
(330 6827119)
+39075683747347
3507173096
+39 0134 339664456
0346 515767370
+390369403172238
0247 4421782
3795338588
(0678 274236182)
+39 (060 820905011)
+390143226290044
0476827803102
0404404987706
0622226746318
+390532965176095
+39 (0343 475375503)
+393263481398
+39 359 6241360
+39 0580 456428947
+39 (325 5887276)
+393426120545
+39 0139 51678117
+39 (0776 939015131)
+390780422572029
0463339474998
+393926084180
+390251265026765
0541 399967642
+39 0531 55064949
+39 (0662 371492530)
+393567665669
3689571926
+39 0191 274335269
(305 8227024)
+393475674962
0301499386250
(391 4792365)
+390560420538298
+390115464405694
(307 6187008)
+39 0156 822468686
+390214120630547
339 2918018
0588 137772520
091998456478
(366 5614825)
(371 7538188)
+39 0596 850468299
380 7905145
354 9523938
+39 310 4893703
0500 484807834
+39 323 6678503
3545598508
3585621666
0173 757712301
+393807751491
(0509 661334752)
0928532233964
0951702934769
+39 (364 3075257)
05 964610420
(317 2944764)
+393197827981
378 1633756
(340 2033476)
+393382302869
3165450239
0405449978677
+39 0127 265253635
+39 0685 798964566
(0525 308694672)
+390904638106892
+393176641327
+390332237637720
0650 953183781
+39 (0264 624267379)
+393137629106
0332 376110018
(0189 108018964)
381 4050014
+39 315 3952026
+393735771500
+39 (326 3536131)
3615403106
3304187167
+393931437660
+39 (0806 137347689)
(329 8080819)
0424 214296934
3487744269
+39 (0801 387555574)
+393208343142
3941886278
0525990706698
393 9851063
+39 (0120 159844173)
3856274246
+39 337 7069939
+39 (327 5075013)
0289344290366
+39 342 7421515
+39 (330 3129867)
361 1860403
+390745324840070
+39 390 8309449
+39 (342 8512866)
+390302671642269
+39 (0851 648446763)
+39 (0637 147492656)
0980969643502
+39 (0696 209274599)
(369 5059529)
0364 146314283
+390364940966966
+39 (363 6463112)
+39 382 8066369
+39 (337 1428606)
0711 224845244
(051 186630802)
3589391366
(0204 828851462)
+39 0346 468435570
+393636557165
+39 0350 438146411
+39 (079 536569675)
+39 (366 5359891)
+39 085 901685201
(393 5213597)
+393391037997
+39 069 991501847
+39 (0220 638059034)
+39 (352 4308704)
075247308715
312 1464001
+39 (0754 701691421)
(0383 660447558)
(0236 211158379)
+390234169416678
343 8466718
0779168464931
(0571 659795103)
+39 338 2570360
(318 9650969)
0229 265900839
0930133521470
0139776742015
0160 639276630
096159205469
+39 (0860 174996538)
+393479238994
+39 0508 721622010
+39 (0535 469571756)
026235854989
0716 888542198
0741 694180186
0813 772787363
+39 (0629 835682631)
(303 2672750)
345 8985580
311 3637708
0328 605925017
+39 352 3602883
+39 0875 191529000
066 236701726
339 6192412
(0416 349787712)
+39 (0486 881902444)
+39 339 8489866
+393346483063
0711181057318
(377 9241743)
(0771 767562527)
+393125111421
390 5365018
+39 (0116 997931916)
359 7255652
305 7765770
0922 296520804
(396 4943980)
0257829395643
+39 (0720 685773367)
+39 (0483 560877179)
0542845725405
+39 0558 470254468
+393435165048
+390500761572960
+39 (0665 227279712)
0348 752989407
+39 0889 712866781
0501183842842
+39059870883911
3555149569
(326 7329752)
0781 468337630
+39 (391 5900653)
3975065507
0747228476217
+39 (0437 473965953)
0522 749922781
(0783 923984590)
(0482 784678579)
(0793 791465814)
+39 394 1851584
0846640624623
3943214020
3175499900
394 5214133
+39 (314 9889772)
+390861102040650
+39 (386 4751922)
3921863521
314 7046162
+39 378 5004219
3625524192
0950 416191736
3444320030
+393448466459
+39 (361 6274134)
+393962889876
+39 (0264 562617211)
+390919297958971
3605110308
+39 340 3687399
036 446772583
+39 (0532 695056994)
0556683033381
+39 (396 8804328)
0751 192504438
3452175568
+3902864039453
+39 382 1360934
+39 342 2047633
3892499786
0709 552385754
+39 0714 967472175
0288 540507751
+390610719549170
+39 384 2567184
+390966120054280
(0839 670894751)
+39 0355 263415869
+39 (0870 425825978)
+39 (0887 834786127)
3889799565
+390965855085636
335 9438977
+39 0102 277063307
+39 396 5822288
0197 117286308
(323 7929474)
+393191056414
387 5659070
3009499469
330 1964666
+39 (396 8719862)
+39 (0550 741928070)
+39 357 8572671
+39 0992 129359795
+39 (325 7756788)
+39 372 6199975
333 8650345
042473724843
+39 343 9550252
+39 0184 175424682
+39 (0670 981720654)
+39 (315 1114938)
+39 325 7840648
+39023151984829
+39 327 6648308
(307 7756953)
0342 209522801
+39 0852 155393126
+39 366 6692685
(0554 717773904)
+393123037210
041 65921745
+39 (0156 687362443)
0845 226612707
373 6749092
3451475783
+39 (376 1850452)
+39 (0978 396454676)
0165251659259
3875533113
+390121348349917
(0110 442217078)
(0636 98669019)
+39 (0802 640351103)
+39 (384 3991963)
(0175 305597523)
(353 9198761)
364 9431359
+393326645564
0410657410902
(309 6490724)
+39 (0357 534251382)
0163 623844102
304 4894543
+39 370 2815513
+39 0997 40559120
+393234158024
+39 0336 633577332
+39 0883 672003279
+393429114403
+39 307 6373844
+39055657861551
(399 9639305)
0290 800066024
(0301 363724327)
+39 (0460 415845197)
+39 (331 1490845)
+39 396 9759259
(379 8922646)
3589233796
+39 0200 289787490
+393196815966
(337 1557983)
+39 (0270 482647950)
+390300274802387
0364 519396439
+39 (0938 232829595)
+393571767342
+39 (013 358159593)
+39 (310 2471598)
+39 321 2749099
+39 0198 756259492
(332 2027077)
+39 (317 7867770)
+39 (0270 574839230)
+393099106000
+39 (0342 927506046)
+39 (301 8782421)
+390354870022884
+39 0142 501105837
3702718204
+39 058 107991107
+390861651209880
(0190 865787120)
0255861334639
(380 4529287)
319 9828679
+39 0790 436037986
