(270) 607-9350
+1 (836) 486-3538
893 465 46 28
(673) 828-2606
+1 412 290 3695
645 791 82 41
(415) 862-6209
457 463 57 90
(538) 523-8986
+1 (829) 526-4967
808 238 24 87
8845472761
504 553 60 16
+1 880-647-6086
638 944 96 33
+1 861 809 9431
559 969 46 42
+1 624-725-9437
+1 (866) 762-4684
(417) 632-8456
952 314 79 30
7265747263
4072758377
963 927 61 06
+1 (822) 665-6118
(930) 662-5082
373 892 73 11
(672) 619-5471
7198233609
+1 (793) 785-7952
+1 629-250-7826
770 989 14 38
8665397283
(589) 960-8572
+1 (671) 207-1717
491 497 49 01
+1 241 309 8449
+1 911-856-1125
+1 420 745 4769
+1 866 425 7506
5425562533
+1 (547) 207-7118
+1 609-621-9774
415 884 66 62
+1 923 989 6147
+1 (315) 687-8975
+1 878-640-3851
+1 250 863 8671
(460) 457-2187
+1 763 694 2479
2935153653
3778715213
3198421087
(565) 351-5426
+1 471 332 7570
7843412440
+1 (736) 432-2104
+1 (717) 898-8335
+1 724-498-4286
+1 444 438 3082
9149079784
+1 (717) 922-1593
(320) 634-8204
+1 (357) 402-5379
+1 635 613 6026
+1 439 982 2366
+1 (210) 720-2084
2749913556
(523) 563-1478
+1 (469) 714-1811
+1 (399) 729-1670
+1 201 440 6496
+1 245-893-8075
3345609751
+1 929-973-9786
7572054178
(694) 687-2138
(436) 837-6435
539 415 41 80
349 485 65 84
(445) 433-7471
(847) 735-3974
3368658161
4052531916
923 868 56 53
+1 313 749 8280
+1 (647) 436-4117
9378341970
+1 647 405 5150
+1 (691) 389-4096
2905337314
+1 (643) 700-3704
(336) 415-4380
6248241178
9328072361
+1 252-395-9670
+1 (794) 950-6463
+1 (370) 311-6907
3416891757
8637131665
+1 (435) 203-7711
7242086221
(965) 385-6795
+1 (503) 719-7323
4646044776
+1 941 298 6565
+1 882 985 3467
+1 859 947 9336
+1 (729) 536-8524
+1 (771) 221-7147
(560) 907-1798
839 353 30 12
+1 (938) 798-1442
4475662345
692 525 20 69
+1 (842) 975-3968
8572445383
+1 206-275-9049
+1 (330) 374-9737
+1 855 800 9375
+1 629 880 9492
+1 375 824 2020
9234741750
(997) 942-2592
+1 684-823-6996
(859) 455-8311
+1 568-396-5588
(221) 734-4326
509 364 27 31
594 893 88 52
437 864 64 81
+1 242-647-2141
(498) 954-8779
+1 (453) 764-7287
985 440 11 38
+1 659 536 3038
+1 739-998-6302
+1 (969) 360-4877
(493) 744-3198
+1 (277) 967-4353
+1 531 661 7231
(467) 431-8018
697 380 11 37
+1 (230) 566-3015
932 350 78 11
9787288080
(845) 791-9367
(398) 343-5971
+1 695-819-3139
(873) 439-8953
310 497 16 63
+1 385 347 1533
+1 (685) 864-7283
5137986089
645 924 57 52
+1 234-555-7602
9699972986
(843) 664-5361
940 723 67 16
+1 (521) 760-2521
9326193219
+1 696 649 9813
(794) 373-7168
+1 890-439-3736
+1 891-804-6204
208 730 63 68
439 569 40 52
+1 900-732-8141
+1 225-941-8247
(998) 837-7938
+1 352-255-7437
+1 (690) 643-2359
295 576 25 81
367 457 59 32
+1 707 558 9222
+1 (394) 381-7664
+1 278-927-2715
428 985 54 88
7056106438
7519858313
+1 (996) 274-4260
(268) 526-1500
(478) 324-5041
+1 892-740-9570
352 847 64 78
950 251 66 59
4038197436
7135041933
(409) 818-5820
4282885036
+1 (598) 787-2650
(741) 506-2000
(769) 845-9576
+1 (259) 428-3861
+1 878 306 3677
+1 710-793-9640
611 785 78 20
+1 453-835-1173
8814595088
2386023932
+1 767 227 1280
+1 434 228 8395
+1 446 280 8371
5938096922
+1 360-718-7328
539 664 45 33
+1 794 815 9699
+1 897-488-5753
+1 (488) 680-5702
+1 905-852-1096
2053436462
(701) 697-7369
+1 386 788 3577
7739001256
+1 416-646-3676
+1 630 529 2600
(972) 347-5455
+1 (554) 317-2195
260 884 16 28
667 220 85 68
(779) 293-7188
+1 205-702-6823
+1 324-876-4472
+1 (349) 479-5450
8663452258
+1 471-316-2187
+1 818-332-9327
322 861 42 51
+1 741-965-9003
+1 (921) 783-4683
922 707 45 30
(587) 561-5542
+1 (341) 245-1927
+1 971 208 1028
617 806 90 22
(208) 964-1609
+1 991-706-7655
972 717 93 69
283 939 56 72
684 859 28 58
+1 438-982-7725
+1 (330) 745-7675
(284) 264-6404
872 818 79 48
+1 697-812-1800
+1 (862) 339-3553
2509749673
+1 520-925-9340
+1 (545) 640-3672
8698568619
579 715 66 42
230 504 18 76
(201) 856-5294
(442) 442-7164
336 955 98 83
+1 864-938-2029
393 771 98 45
909 630 67 19
+1 326 413 8236
(284) 486-7399
+1 489-738-7815
+1 332 820 7843
+1 (847) 556-8006
+1 476 723 1029
+1 952 600 4259
+1 785 974 7989
(535) 280-1609
934 681 16 53
+1 (718) 940-2308
+1 643 929 9629
+1 373 401 4478
671 246 60 62
+1 921-734-8039
+1 772-967-6676
+1 998 578 3992
+1 704-338-7581
+1 (567) 983-3085
2236693671
+1 668-351-2419
+1 980 508 2654
428 669 68 23
+1 (551) 557-5763
908 571 93 49
5182382947
+1 716 860 8354
(548) 771-4605
637 792 47 85
+1 904 237 6043
(848) 737-3315
+1 (599) 982-6565
8436487359
6392438322
8049719537
(703) 669-2219
+1 202-462-4813
+1 573 740 9105
423 320 89 24
+1 773 687 7438
782 849 36 15
358 421 61 97
+1 (424) 314-8536
508 814 59 72
+1 779-509-3116
+1 905-254-9909
+1 (613) 930-3721
9506014468
8487667097
7778232064
5377882311
747 891 74 10
+1 (755) 960-6499
+1 (977) 726-2136
(482) 551-9302
+1 957 343 3549
+1 (401) 242-3871
677 848 56 10
+1 871-715-6062
8675326690
+1 237-606-6507
+1 473 430 4677
8484703130
409 536 59 20
2595474032
+1 372-358-2603
+1 (468) 313-5081
(612) 697-6920
6972104068
+1 285-386-9932
4697388496
+1 464 405 1491
+1 419-655-6601
+1 (796) 902-6327
+1 658-971-9596
+1 734-201-6312
(932) 477-5313
411 217 87 67
+1 713-553-9646
+1 361-202-9180
+1 554 418 9493
(730) 901-1503
+1 314-445-9710
(884) 441-9983
+1 554-460-4290
+1 311-858-5598
265 311 54 64
+1 901-249-1142
+1 608 904 3454
(507) 316-8647
(726) 866-1662
(360) 704-1785
(733) 861-6992
(243) 590-8618
+1 587 968 1174
998 787 85 10
(345) 811-1528
+1 (739) 262-4472
+1 672 487 8309
+1 354-274-8984
+1 746-748-2595
+1 (718) 720-5946
(389) 320-8329
3859915598
(227) 319-7952
554 957 56 85
+1 519 640 8137
(318) 809-9165
8468395656
318 389 92 99
361 804 22 34
+1 660-846-9269
+1 478 468 9788
4589039860
+1 378-312-1138
8434226316
+1 882 717 1245
256 645 41 06
(990) 870-8742
+1 234-468-2299
+1 660-472-1412
6766139573
248 657 48 68
2874085895
645 443 20 50
+1 542 353 6270
(310) 386-2603
+1 857 271 4343
+1 226 264 2867
(216) 715-9827
+1 (360) 751-9151
+1 354 767 9835
+1 (562) 542-9996
(327) 649-6021
+1 435 540 5508
+1 945 948 8463
+1 484 216 2249
+1 502 633 1669
+1 658 591 8836
+1 746 650 3414
+1 482-935-6444
+1 806-949-8700
937 468 18 30
(870) 271-2139
+1 516 282 2696
868 573 94 60
+1 583-219-5058
(345) 472-2487
402 687 76 60
(740) 767-5453
(529) 270-6434
+1 715 396 1490
+1 (328) 438-9697
591 938 89 05
567 753 56 09
+1 227-588-2764
+1 (967) 204-4393
9816445160
(814) 383-3703
367 514 84 92
+1 744-374-5238
+1 (690) 229-5397
+1 886 565 3885
+1 (388) 300-8819
851 696 34 33
2933844970
715 837 14 12
+1 309 477 8266
+1 539 409 1281
(562) 670-6513
+1 518 738 3012
4993321650
+1 749 988 3257
693 306 96 74
(264) 922-4089
+1 568-821-6414
+1 270-226-4469
+1 (281) 813-4863
3525089452
+1 724 584 8728
(314) 608-5725
5702823558
+1 (510) 854-6793
+1 386 892 7289
+1 (249) 682-5895
9128394804
299 330 56 44
4118157130
3458397673
8692506991
+1 872 617 4557
+1 (949) 636-9812
+1 (393) 431-3933
+1 615 546 1935
+1 442-898-9883
+1 343 460 1585
+1 902 654 1781
(300) 282-1581
293 242 34 06
+1 888-596-7563
(350) 436-7759
+1 (300) 350-7660
+1 268-503-3488
(764) 324-6699
(478) 909-8809
+1 620-315-4626
+1 367-372-1594
4568098330
+1 200 939 5795
+1 382 664 3953
+1 (796) 468-6590
+1 (915) 933-1595
8886327587
+1 (394) 436-8055
8133969363
9665321635
+1 704-529-8948
+1 545 789 4018
+1 631-981-8455
(378) 549-4103
+1 692-996-1078
+1 (582) 402-1306
3468634832
354 667 27 40
3646524238
+1 (932) 909-7013
(484) 464-9848
+1 636 585 7370
449 519 62 75
+1 793-429-1292
+1 464 505 1099
9118069289
+1 363 914 2168
363 752 41 48
+1 777 899 1420
438 842 71 78
944 663 82 66
+1 (459) 941-4928
6845828559
6894527416
(530) 411-6867
+1 335-445-9576
4714041444
566 992 87 43
431 863 34 53
+1 (387) 718-3918
9364903103
+1 610 628 7669
(627) 352-8167
+1 271-607-3724
(361) 394-5843
8846219507
898 233 52 52
+1 968-781-4940
+1 557-463-2737
532 472 43 06
+1 (749) 301-6690
5952868815
475 403 22 67
281 544 42 14
+1 590 577 7887
4403295665
804 670 72 61
+1 (859) 994-7952
791 847 98 01
+1 217 328 5175
7539529920
(769) 436-2772
+1 286-513-2785
+1 941-992-9511
+1 376-577-2410
+1 (221) 931-4151
+1 (549) 501-1479
791 788 31 83
(654) 484-8934
+1 (945) 642-9332
+1 341 316 6863
+1 200 857 9442
336 956 25 49
3644225905
8676974097
7224857801
308 226 35 15
8244294029
+1 210 879 6203
216 570 23 42
+1 671 958 8735
+1 (425) 972-2041
(551) 600-7004
+1 317-406-2536
+1 648-756-3272
+1 985 225 2518
415 592 16 06
+1 (695) 977-9091
8863753749
459 904 67 84
(427) 205-8050
8115004695
+1 (550) 528-7538
827 675 94 64
+1 252 697 4642
2639862617
+1 (560) 962-3429
9884131788
+1 (863) 486-7886
+1 (695) 349-2216
+1 (472) 790-7658
658 529 10 03
+1 (971) 645-3289
761 276 38 92
(511) 742-2052
(892) 824-4054
2943334321
+1 (566) 868-1423
+1 (971) 761-5750
4599788487
+1 727-605-6289
2954072887
+1 287 646 9016
667 331 94 85
+1 (680) 704-8066
233 839 21 54
+1 905 606 9124
(710) 468-8108
+1 470-226-5564
694 432 95 48
+1 (377) 819-3685
907 321 49 45
525 795 28 42
+1 802 616 9894
(200) 680-2348
+1 722-228-7211
3123142792
2482871143
4587495655
4084848299
(949) 668-8642
+1 624-510-9465
(959) 392-6624
+1 216-818-9200
2117898283
+1 944-886-9218
(423) 693-9656
3409844515
839 262 28 48
6872295737
4315686459
+1 550 297 9029
+1 756-536-1570
+1 421-966-3519
+1 (784) 525-1282
274 444 11 40
8968126395
+1 801-955-3770
854 702 33 25
(276) 576-8416
+1 (665) 987-9145
2492791754
+1 504 583 4491
+1 729 604 5635
928 564 94 84
(912) 970-9592
+1 582 770 6773
(833) 815-6948
992 783 72 27
+1 (721) 334-4374
+1 595-502-6326
523 424 70 87
+1 647-241-4776
429 487 38 26
+1 (561) 459-5693
(409) 494-6369
8184014761
708 930 22 91
(608) 425-8156
+1 706 726 2338
+1 (359) 909-6151
4858768169
(347) 886-5829
+1 910 467 6869
839 471 43 05
+1 890-671-8853
+1 564-331-9592
+1 (717) 487-9458
+1 (421) 996-8763
8508894201
(202) 541-7528
893 747 17 90
+1 753-654-7298
+1 398-608-5419
+1 (890) 874-1447
(756) 783-1673
+1 800-668-6632
+1 540 957 6004
+1 707-874-1482
+1 (433) 532-1253
(230) 757-4596
+1 505-487-6566
+1 526 350 4191
+1 (249) 712-7759
308 908 67 05
+1 878-654-1854
+1 (221) 543-1148
+1 (925) 830-3626
(998) 758-6995
4247801033
+1 (480) 561-8039
886 283 17 39
(338) 978-3016
8702067494
375 598 18 54
(445) 786-9069
+1 (611) 605-5764
+1 717-788-5601
(902) 234-7426
4887975060
5394093743
+1 855-664-4052
+1 952-267-7527
6606175796
(781) 930-3971
3365402560
(311) 327-7528
+1 229 254 6264
+1 388 595 5506
+1 (690) 597-2747
567 621 33 75
4623292718
+1 604 202 1015
+1 423-948-1295
+1 423-816-7859
+1 503 721 2992
935 924 37 65
+1 (370) 612-2387
759 765 62 27
730 585 93 69
+1 387-966-6304
8349111780
6097999341
251 895 33 75
+1 761-298-5345
+1 (340) 599-6311
(338) 642-1551
+1 (692) 337-7111
+1 846-960-7788
786 620 69 34
+1 825 772 9014
(336) 415-9817
483 947 59 32
314 878 27 36
+1 883-265-3496
+1 840 329 7012
(452) 645-5868
(485) 537-9318
(623) 955-1070
476 448 55 48
3924627596
6293099281
+1 (204) 687-6832
+1 (492) 768-5214
+1 (256) 935-1484
(479) 586-6805
372 603 52 99
(856) 674-3430
923 583 55 18
841 394 81 19
+1 654 737 9209
+1 369-255-6597
+1 416-778-4278
6485544737
+1 321 285 4521
+1 (705) 537-8103
787 925 21 08
+1 (251) 236-9963
(364) 989-3863
928 273 80 93
+1 (814) 523-4017
(915) 456-2419
9882952148
+1 (783) 512-5023
(698) 512-9944
3325096587
8683091519
9374683372
+1 (320) 220-4140
(954) 520-1688
+1 391 775 9362
+1 (877) 638-8566
493 919 83 53
(589) 303-6574
+1 671-449-3548
+1 930 822 9969
+1 769 370 3220
2442587986
7959516709
(931) 613-8900
9547461916
(604) 717-2892
+1 (630) 721-3502
(412) 541-3672
+1 615-701-7337
(618) 941-1773
8374419541
+1 379 370 8375
(698) 609-7264
(799) 203-6338
+1 942 332 6848
579 561 60 66
272 662 71 50
776 278 90 86
5409383139
+1 518-373-6503
+1 964 628 1516
628 745 34 52
3729375432
6226716689
6157295366
5486895976
662 742 96 33
+1 (847) 436-5329
7166391396
8346634675
5953665996
424 816 41 40
+1 464-352-9300
548 855 49 32
+1 306-823-2126
+1 650-236-3209
+1 (302) 547-9851
(248) 762-7653
+1 307-281-3048
882 264 89 96
275 313 83 08
(896) 465-9653
453 948 64 70
+1 (693) 679-7656
+1 517-933-3356
(202) 481-6868
+1 (618) 275-1136
251 307 58 55
4973854688
7375964212
+1 (776) 981-3133
+1 294-773-9430
8793496042
6385609328
7063164522
8698239750
611 625 14 93
(992) 880-9994
451 629 72 44
3355402895
+1 (795) 796-7172
+1 (399) 381-5245
(702) 279-3157
2676541519
+1 406 404 9858
856 914 34 13
6215489089
(267) 460-7881
+1 (710) 326-5101
+1 (674) 349-7118
418 723 74 39
6498407756
+1 (917) 262-6350
442 912 11 11
621 761 68 73
5102719687
851 538 67 73
7343384818
+1 510 491 8260
+1 419-856-4283
+1 365-755-4988
451 374 24 45
+1 (839) 323-9478
253 907 65 78
+1 788 366 9255
910 711 37 99
+1 232 946 9529
+1 (724) 213-3912
8726516491
+1 (644) 533-7294
+1 618-747-6259
+1 443-269-3102
+1 (475) 218-2524
+1 611 451 8386
+1 202 578 4955
+1 (725) 559-1546
+1 565 735 6644
924 486 72 43
+1 468 652 8574
(763) 301-8034
+1 (209) 733-6604
+1 (294) 592-4692
8964581030
+1 (758) 553-1065
481 835 87 53
5367888053
+1 (521) 950-9115
+1 (614) 423-5763
+1 740-595-2643
+1 596 308 9531
228 923 34 20
+1 221 328 7246
277 624 41 73
+1 659-250-3894
+1 786-372-5375
(689) 964-9736
+1 462 449 7970
+1 (820) 846-4271
644 628 13 97
644 374 20 50
+1 840-906-8107
+1 (648) 518-6867
+1 644-956-4421
(258) 804-6840
+1 345 843 1568
+1 (897) 768-2484
+1 226-774-7556
(762) 705-4248
+1 (285) 931-3547
+1 666 519 1032
954 888 64 97
+1 586-892-3258
865 673 27 32
3794217764
(497) 537-3542
642 844 46 39
+1 704-893-3152
+1 998 892 3007
+1 776-347-9607
+1 709 311 3010
3236629850
+1 (576) 515-6957
+1 891-469-5108
+1 (351) 389-7261
+1 649-706-6917
+1 (531) 992-7020
(274) 761-1276
+1 274 222 2526
+1 407-309-5280
+1 838 752 9658
980 860 16 34
+1 440 398 7230
+1 605 267 6302
2797166660
+1 320 408 5073
9039366502
+1 589 438 1117
(585) 484-1978
+1 (786) 948-3370
(989) 330-5089
+1 357-266-2461
+1 862-659-9954
2532997211
+1 614-415-9864
556 617 85 32
(602) 561-6462
3615541501
9326755808
+1 353-789-9101
(908) 445-4080
+1 535 276 6688
622 958 13 94
+1 672-938-9517
+1 548 403 2834
(246) 624-5708
+1 909-962-5827
446 634 27 19
724 360 14 79
9492746826
(329) 913-8326
(836) 263-6702
+1 405-249-9951
+1 528-775-4321
650 829 66 67
+1 906-990-5915
+1 408 844 2362
+1 235 685 6723
(684) 783-6426
(790) 651-7997
315 911 29 87
9203482970
+1 630-889-8928
+1 (598) 488-9612
+1 633-686-7883
+1 975 701 1936
3258237305
8204683259
+1 562 920 7901
532 640 16 24
+1 (831) 599-4645
+1 (391) 853-4359
768 662 42 28
+1 201-572-5512
+1 (748) 724-6534
5283415833
+1 362-429-5133
9157913843
(551) 928-9570
(447) 200-4049
+1 739 311 3198
262 663 67 11
+1 447-724-7348
766 837 18 47
973 289 57 92
+1 226 488 5687
237 382 86 79
808 631 22 77
215 414 18 00
+1 (472) 295-2908
+1 (398) 396-2565
+1 858 583 7074
249 393 22 89
(418) 441-8444
+1 855-756-2263
(468) 794-6110
259 594 26 41
(688) 979-1606
+1 771-231-6570
+1 731 550 7820
+1 210-924-7919
+1 808-476-3597
+1 524 641 6650
7472495363
+1 251 365 5442
+1 248-540-8336
+1 293-944-4792
217 276 66 48
+1 (610) 788-6715
(690) 942-4347
(384) 219-8750
+1 567 741 2772
+1 (493) 962-9257
9853822186
5894885874
664 937 65 94
+1 (688) 593-8478
+1 883-944-2293
5232126223
+1 273-352-8187
(591) 288-8304
5465356334
715 587 68 34
+1 814-294-7049
(882) 378-9051
482 392 33 49
967 734 25 76
(422) 577-3836
+1 (578) 578-2507
+1 416 385 6404
+1 308-707-2975
(504) 430-8985
694 603 51 72
+1 602-535-9326
+1 770-334-9299
+1 (407) 344-9198
+1 727 322 3382
487 525 28 66
+1 376 305 9166
485 372 40 47
+1 243-426-1080
392 870 17 63
9472218364
(477) 449-8526
+1 677 672 7118
+1 783-767-1209
4233234016
+1 (841) 713-8705
+1 457-328-8050
530 866 86 32
+1 618 837 8473
+1 418 498 8813
(231) 472-1429
+1 219-207-3544
+1 991-314-5212
(690) 236-9116
+1 388-946-6403
+1 259-323-7733
+1 655-386-8715
9328133961
711 350 78 35
(333) 613-5859
+1 969-811-7624
240 439 12 16
361 429 61 68
+1 (566) 896-8583
8522451992
+1 577 883 3594
+1 619 564 1398
+1 (543) 383-4748
650 580 42 88
+1 818 259 3061
+1 (379) 732-1044
+1 776 747 8342
+1 877 722 4041
+1 267 281 8993
+1 563-949-5259
(848) 466-3135
+1 582 473 5777
+1 (271) 640-1519
(746) 810-7032
762 829 91 53
762 881 43 07
(271) 995-8677
+1 (692) 994-9885
+1 693 227 6913
+1 333-451-1268
+1 318 880 2001
+1 599-533-6697
(389) 690-9033
+1 878 640 2244
8089296116
+1 (562) 538-5763
(261) 728-9863
4385768779
2598663059
+1 748-666-3265
+1 (329) 544-2996
(697) 267-6409
+1 898-494-1150
+1 464-493-5396
+1 673 799 1563
+1 680-490-3068
4847975048
+1 336 823 1142
715 686 22 60
+1 228 783 8626
449 865 66 73
+1 991-335-3151
+1 885 328 8023
+1 849 226 6074
885 338 96 30
+1 502 488 4685
(633) 889-5173
856 541 61 05
2043948723
2459675381
(939) 649-2778
+1 (330) 311-8641
924 625 30 90
+1 556-469-8140
2369442396
4632824251
+1 635 730 6514
+1 (327) 887-3891
(422) 572-9199
3355371559
(740) 689-8540
493 354 30 86
+1 (969) 710-2185
3202445499
2818178222
+1 429 443 7417
+1 892 363 9567
+1 595-708-4126
+1 (562) 556-3956
+1 (549) 864-5927
+1 633-586-6029
+1 (613) 969-8137
(751) 229-2870
+1 (813) 762-2029
807 539 21 06
4476576855
+1 334 648 9533
+1 604-445-8810
4347671997
897 230 91 30
+1 300-340-5809
+1 399 269 8460
(474) 555-3076
(744) 966-6881
728 820 49 02
+1 750-215-3845
+1 438 444 1507
(478) 573-5136
716 840 90 09
6205377973
+1 243 669 3965
3494307384
5976781350
+1 (628) 877-1779
+1 (300) 897-1419
781 698 86 14
+1 616-748-3152
(652) 836-2597
703 273 38 04
462 339 78 34
+1 395-660-3963
+1 623-235-3594
+1 664-707-4277
932 459 93 87
311 911 76 67
899 667 20 44
+1 (379) 495-1692
7754505990
9268308212
+1 455 482 1076
677 406 71 54
751 227 59 22
419 806 72 63
(795) 355-9519
330 748 66 98
873 378 44 56
+1 (494) 268-4848
994 206 69 90
+1 (788) 861-1232
4204282909
2349544230
(290) 202-7671
+1 547-722-3943
+1 (509) 733-3169
5654714711
+1 437 751 4830
6803785013
+1 351 486 6165
(437) 600-6967
(750) 547-1846
9632123490
+1 410-887-3122
3749446029
414 725 52 22
+1 (329) 308-7939
+1 641-511-1828
239 780 48 38
818 304 72 86
+1 601-500-3487
2068002873
+1 793-470-1016
935 580 21 26
8916066786
811 654 52 56
311 662 10 27
+1 511-487-4673
+1 800 888 9014
+1 (652) 883-5895
+1 (293) 990-3382
4948516470
+1 914 757 5356
8164724261
+1 637-482-1626
+1 (402) 803-6281
793 339 64 60
+1 999-676-1728
9693906086
+1 (716) 649-1218
795 343 19 94
+1 389-913-3469
(651) 216-9410
(704) 464-6381
+1 (881) 217-3157
885 745 23 61
386 303 72 80
8435411914
+1 (744) 442-2570
3096198690
+1 572-252-1169
+1 (946) 328-2048
8738984784
+1 (304) 376-4770
9809294935
4609237146
287 474 83 00
(863) 825-5432
+1 915-339-2255
353 252 97 54
(766) 397-3004
(462) 575-4392
+1 324 730 3916
2702586024
+1 (805) 868-6696
+1 (863) 209-2558
896 357 87 50
+1 243 980 9352
2537541789
+1 571 980 2460
+1 807-767-9150
+1 640 240 8323
+1 848 322 1709
306 264 60 19
+1 735 612 3241
4263501965
+1 780-855-3053
+1 224-774-8276
+1 787-275-2836
+1 860-235-8479
+1 (228) 516-9721
+1 (419) 456-6586
489 258 56 51
(699) 342-1593
+1 655 502 6234
286 555 42 24
(239) 331-6126
+1 588 790 1229
+1 (247) 282-6803
+1 (757) 790-4394
567 717 88 48
+1 555 350 2010
+1 (242) 987-1825
+1 626 931 6096
(672) 214-6464
+1 273 634 1789
+1 416 998 6315
2878211266
+1 516 692 7616
+1 (312) 356-1681
5744392579
+1 540 325 7031
+1 463 967 2059
(642) 819-9074
444 368 26 30
864 539 56 48
4386388750
358 716 61 51
9289001585
+1 (527) 608-8308
881 735 42 99
+1 760 686 8302
(298) 212-1122
+1 828 923 8991
+1 (906) 544-1389
+1 578 794 3480
+1 433-347-3068
+1 968 351 6275
3099637075
(440) 967-1447
(926) 411-5812
+1 506-248-8890
+1 (882) 239-3576
(982) 520-6329
+1 371-309-1962
9804844238
+1 (352) 393-2195
(640) 297-3016
+1 686-314-9972
+1 816 704 2033
+1 557 297 6956
+1 (461) 965-9544
7904157999
6736574081
(373) 958-9229
+1 711-983-5492
609 447 62 26
+1 652-743-6363
412 629 31 52
6036763666
(676) 662-9809
6877823137
(446) 856-3626
+1 532-729-2765
+1 (609) 451-2905
+1 288-916-3734
732 335 85 23
+1 (523) 259-6080
251 410 56 15
(390) 310-3506
(996) 617-4544
771 692 81 34
(852) 841-5145
+1 806-352-4675
8113097710
+1 808-487-9789
2807098403
4296628752
+1 964 776 2439
+1 634 954 4942
(885) 730-7611
+1 (689) 929-5136
+1 (244) 324-3341
+1 233 310 1606
283 715 83 54
+1 389 345 7565
+1 (732) 303-9806
(564) 832-4397
(831) 411-5591
+1 (210) 788-6095
6086267094
689 670 33 83
+1 601-533-7247
+1 (273) 978-2768
471 599 11 85
778 610 28 40
+1 296-261-5774
+1 998 375 7448
+1 853-267-6999
3483308753
+1 (447) 270-1893
(290) 915-8663
+1 321 827 6875
641 686 48 26
+1 306-232-4976
3419546755
+1 771-874-4203
+1 (202) 224-2557
(529) 488-8499
607 592 76 57
+1 (962) 940-8381
+1 (598) 924-6566
+1 (862) 661-6736
+1 (753) 750-2758
+1 (504) 292-9410
+1 778 865 8104
(500) 251-9298
840 816 14 09
9505234487
(209) 385-2314
+1 (363) 473-9359
+1 266 347 1749
+1 (303) 755-7956
5986272101
(390) 734-9155
331 457 38 87
+1 437 940 9338
9613653601
9504565728
338 880 81 85
(869) 627-5057
4193857576
5398087198
+1 470 434 3111
+1 739-545-5608
5675095063
252 985 29 42
+1 902-276-4657
+1 896-964-7444
7999125981
8035685622
376 850 50 85
(883) 533-1902
(868) 409-9049
984 563 10 64
+1 941-613-3329
(482) 329-1590
+1 (899) 589-1139
+1 (836) 256-9620
(926) 503-9447
322 703 89 97
6006041252
9025558252
+1 510-990-9386
506 457 44 77
+1 641 446 1686
+1 513-643-8085
(915) 442-6596
+1 527-248-2737
+1 487 752 8756
+1 716-452-3092
+1 (858) 850-3562
+1 694 462 4560
4125313024
+1 283-601-2366
+1 (638) 262-8757
284 601 74 68
436 950 41 78
(823) 988-2995
+1 (212) 657-5388
(375) 445-7367
(719) 345-6894
+1 (966) 789-6172
851 943 54 50
+1 588-873-5707
+1 599-440-3109
+1 (584) 519-3420
817 913 82 50
+1 320 978 5621
+1 (610) 433-2742
+1 823 826 1257
(248) 356-6312
+1 (375) 686-9630
275 408 23 21
+1 385 779 1685
+1 (280) 658-3555
916 448 81 37
+1 (243) 665-8099
+1 906 252 4473
238 572 31 60
388 260 84 99
(591) 406-9451
+1 672 387 7819
(895) 752-2700
+1 733 739 4672
9634032978
+1 (283) 901-5509
+1 232 991 9224
(685) 918-9962
+1 (303) 836-1614
(839) 401-6164
+1 (803) 414-6643
396 389 36 18
(863) 924-3310
2118804299
+1 (456) 593-8525
+1 (531) 318-3070
+1 (431) 792-5553
+1 603-866-3777
9415653998
(892) 831-9574
+1 (720) 705-9343
4244858430
+1 (217) 981-6956
+1 973-316-3935
+1 552-850-3481
(947) 830-9654
+1 519 237 9968
6486329626
+1 (512) 542-7959
323 435 71 77
(263) 477-3760
(268) 791-5729
(620) 615-4390
(766) 935-2913
+1 (530) 901-8466
822 711 68 67
(412) 322-5840
4894472838
962 397 69 69
473 217 40 50
+1 806-958-3611
582 484 23 37
(705) 347-6579
+1 867-292-7894
950 733 41 17
+1 617-799-7210
494 570 21 36
+1 (738) 727-4209
+1 449-530-3387
+1 857-751-3305
(227) 636-2715
(823) 657-6518
+1 788-894-4575
+1 498 731 1425
+1 635-507-2864
(630) 406-3898
6288286383
200 847 78 62
(589) 231-2775
+1 (511) 648-8672
(594) 478-4713
+1 (410) 461-7477
8537415685
(938) 336-3922
+1 (746) 681-7362
(696) 914-9992
556 739 75 52
(516) 923-6457
776 702 74 59
+1 891-285-2827
+1 (854) 530-2344
6176823564
+1 528 528 9094
372 739 62 56
(686) 344-4045
+1 306 854 6620
220 432 86 74
+1 818-584-2295
(612) 395-4320
292 264 84 24
+1 461-845-8850
+1 (248) 948-9817
2042131543
+1 (825) 939-8029
359 702 81 62
+1 552-270-5832
245 683 33 47
4563166386
+1 597 525 1342
4726817252
200 780 32 17
359 220 30 46
+1 (695) 332-3241
9189567790
2526706703
+1 (453) 403-9065
+1 (487) 780-3372
5917429492
645 279 96 64
+1 (977) 247-7995
+1 784-764-8360
+1 (937) 799-9640
897 980 46 88
+1 (555) 458-3922
6394432336
792 578 93 67
+1 204-473-5225
+1 897 569 5477
+1 (367) 974-4555
589 571 95 24
+1 787 759 1045
+1 221-265-8357
(629) 613-1376
+1 (704) 700-5992
5793294524
5822084349
(327) 875-5424
+1 613 572 9108
554 727 62 09
+1 250 964 8048
262 785 43 82
(248) 289-1888
+1 (974) 594-3683
508 641 26 37
4694592970
+1 896-231-4316
+1 412 970 1177
+1 929 619 7878
+1 999-964-1984
(360) 424-2159
+1 963 499 5910
+1 484-914-4464
+1 994 925 8678
3998519311
(730) 381-1239
+1 956 643 3614
+1 618 654 3802
+1 682-733-1690
595 746 22 90
+1 566 802 8112
(714) 601-9763
+1 (745) 706-2251
+1 553-279-5180
414 920 74 56
+1 941-492-5613
+1 (287) 627-4506
+1 355 952 5554
+1 554-632-7595
312 443 52 06
(335) 377-1906
+1 (304) 654-9116
+1 279 593 7141
(478) 859-3488
2143106430
+1 (354) 588-1765
6112814400
+1 529-510-7833
+1 818 221 8225
(436) 479-3187
+1 (337) 247-3198
+1 (472) 459-4669
+1 905 798 9839
(735) 321-1057
545 531 49 63
+1 (384) 980-4929
287 958 70 01
959 489 41 71
+1 (255) 881-8692
295 549 61 91
+1 (975) 484-1066
8643953837
538 447 47 21
868 289 84 00
7803755590
430 370 28 27
+1 952 704 9787
(689) 766-2442
+1 573-370-3976
668 965 42 84
+1 508 290 6751
+1 868-417-2267
+1 207 789 9276
+1 (370) 578-9839
+1 996-420-9287
(356) 789-1281
+1 636 837 8153
+1 (982) 660-7817
8629675629
+1 729 219 7672
9042504813
(875) 706-4537
442 243 44 43
270 837 14 12
(576) 857-6377
7462429837
+1 (752) 210-1235
+1 308 535 6950
(931) 307-9132
+1 (450) 719-9344
+1 541 806 3053
910 634 55 50
+1 (373) 720-1338
4249785229
+1 (843) 669-6408
6028789359
+1 855-324-7711
+1 478-317-3595
+1 893 490 2437
(479) 756-8460
2577435851
+1 398-448-3605
283 656 52 63
931 246 38 12
+1 690 425 3047
+1 696-525-4052
+1 404 853 2228
+1 910-636-1425
786 773 27 14
(896) 996-5606
677 874 89 90
+1 (917) 360-9456
+1 921 608 8229
+1 816 445 5701
+1 875-683-2786
3919145032
+1 857-678-4812
+1 232-770-3174
+1 375-900-8609
+1 600-334-3936
7607912547
(655) 603-8705
+1 (205) 582-4423
+1 860 248 9108
(234) 596-9514
282 506 54 57
(525) 306-7971
(539) 817-2363
3693499390
(722) 489-5986
+1 (613) 810-7058
+1 695 831 3603
342 606 48 11
+1 640 699 3885
442 906 28 79
+1 (773) 409-2776
+1 777 548 7037
4115565374
+1 585 485 1838
+1 587 756 6554
5723181045
621 422 55 71
+1 (883) 661-9866
+1 (705) 657-5635
8899164563
+1 (867) 596-3521
+1 (810) 495-5718
776 752 12 21
+1 882 966 5535
+1 (361) 722-7120
(720) 907-4537
+1 601-737-5706
+1 945-986-2641
930 838 89 10
+1 (660) 353-7688
+1 536 504 2066
455 814 22 11
(448) 384-6067
320 686 82 39
7139193362
+1 413-247-2610
(539) 358-4645
+1 (896) 652-8089
9114785356
+1 351-214-7770
482 914 41 98
+1 745 843 5610
+1 (429) 620-9020
(358) 742-2312
+1 843-411-3823
432 763 70 16
+1 (963) 399-3522
+1 (732) 294-5941
+1 225 497 9761
+1 (663) 836-5781
+1 511-301-1530
+1 626-909-6601
(761) 660-7527
+1 635-914-4046
+1 426 390 3101
+1 645-792-4907
5685953278
218 926 63 49
800 321 76 66
+1 730 601 4631
(660) 537-5045
(768) 914-5992
(377) 435-4261
+1 849 435 1540
(795) 563-1783
+1 216 998 4836
+1 925 534 4082
+1 (911) 538-7293
+1 (924) 683-4047
+1 992-235-5683
+1 (454) 892-2999
6058745502
7696337565
+1 (478) 472-7563
(375) 554-7036
310 609 54 33
2815497011
+1 (303) 557-5457
+1 274-933-5439
+1 (740) 364-9450
341 574 97 82
+1 (483) 431-6566
+1 808 608 3102
+1 598-317-8707
+1 (835) 806-1926
2399347308
231 359 73 93
(478) 484-9553
+1 (717) 924-4785
(257) 715-6632
2766526190
+1 239 628 6644
(669) 704-8634
625 299 13 55
7757186508
+1 441-582-8954
+1 (676) 953-4418
+1 985-965-3353
(206) 944-6254
5276308122
525 906 64 39
+1 440-423-7555
+1 644-735-4067
+1 (476) 607-5670
611 512 68 66
+1 (604) 593-4574
5229914825
+1 (224) 844-5491
+1 260-827-5744
(203) 501-4804
+1 (281) 228-1006
+1 (882) 782-1543
(464) 386-1305
9666959739
7403853328
+1 665-709-2742
2398165280
+1 971 940 5764
(469) 312-6487
2036229957
+1 238 698 9819
(879) 242-3619
+1 502-520-4832
+1 515-471-7178
+1 513 819 1389
678 767 10 45
257 661 48 26
+1 (623) 500-7801
5402701260
+1 561-732-8423
+1 (781) 633-4299
(364) 384-2584
+1 212-312-9145
(490) 205-9425
+1 745-352-4918
4443403395
+1 633-555-3392
+1 (597) 577-3577
+1 438 270 4616
+1 930-228-5474
+1 563 254 9388
+1 820 521 3856
(915) 944-8076
+1 802-210-5833
646 417 26 26
361 330 24 84
+1 (262) 398-3055
+1 503 261 6191
+1 (820) 736-7600
+1 944 506 3430
+1 532 539 7538
(799) 203-2445
+1 364-413-4541
+1 (260) 511-1800
+1 370-684-8263
+1 431-930-3574
+1 (534) 497-4342
+1 927 760 8180
626 453 68 87
(767) 663-1952
+1 (719) 480-7175
496 626 60 23
+1 219 782 7618
+1 (877) 222-9894
+1 (229) 782-9713
+1 (382) 535-9976
3408722117
(401) 207-3454
+1 684-946-3194
(510) 872-2879
+1 892 270 1909
+1 363-494-2440
4746815973
+1 (398) 406-2545
+1 914 991 3604
+1 661-950-7149
2065809748
+1 647-310-7973
(884) 221-6112
474 631 96 81
+1 (425) 861-1418
2832057920
+1 209-608-9361
+1 810 914 1608
561 234 22 47
+1 212 317 3590
+1 (969) 742-9583
774 338 25 53
+1 671 611 4146
+1 (971) 900-8556
(913) 393-3443
6323208390
2799689827
+1 606-743-1458
(312) 331-8712
+1 300 875 6529
(235) 537-1651
(478) 987-8499
8479389097
+1 699-843-3871
676 411 80 84
+1 747 792 7773
+1 492-565-7775
3944041758
+1 (670) 724-6439
+1 827-355-2963
438 575 62 74
8936206314
6952606162
8535109986
+1 439 810 6358
+1 263 383 7253
+1 (892) 862-8271
6782807512
498 389 30 40
+1 (221) 745-8648
+1 924 915 5300
213 224 63 62
+1 883 892 2085
+1 647-999-1894
+1 385 435 2769
+1 607 530 3856
520 493 18 82
(375) 942-9907
+1 614-958-7087
+1 799 949 2587
(323) 880-7646
813 450 79 25
+1 (816) 868-5607
+1 716-674-1810
+1 279 258 9385
7256258971
(637) 678-9937
516 487 84 49
643 258 86 04
+1 615 251 1703
(906) 825-1806
+1 (206) 351-9965
(585) 542-3553
+1 333 289 2396
+1 601-631-7481
521 436 50 79
238 865 17 71
9363018225
(770) 642-2951
(841) 212-3601
324 566 65 01
+1 (313) 233-6085
937 824 72 59
+1 663-524-3544
+1 215 810 5210
6105571758
324 257 39 51
937 630 47 70
+1 821-297-5799
7879465321
+1 (682) 285-2429
+1 695-890-8934
(382) 875-6353
+1 (575) 741-7444
5087742804
+1 510-952-4528
260 887 54 46
(513) 775-4682
(974) 497-3322
608 663 54 45
8574834445
+1 216-941-2227
+1 903 887 1585
(592) 657-7008
+1 725-865-3117
3099664298
(808) 982-8782
+1 747-539-9779
(448) 943-7299
+1 285 927 8978
+1 206 589 3096
6143418383
+1 925-957-5002
+1 677-622-9492
3853847763
4097321934
5168802917
(968) 812-9252
+1 (830) 482-9755
+1 (647) 993-8530
+1 (380) 415-1701
343 686 35 54
+1 (954) 912-3106
8867879842
+1 (452) 779-1536
8776445466
+1 731-360-8396
+1 (665) 372-7711
+1 605-878-8595
+1 911 519 8365
6492253148
(599) 760-1271
+1 368-498-8391
721 410 61 23
(807) 459-1701
+1 871 540 5796
+1 (785) 630-9460
+1 (783) 228-3535
(978) 904-9058
+1 319 962 2392
647 267 79 98
+1 685-450-4218
(440) 621-3625
845 908 50 45
+1 232-446-1589
461 447 91 97
+1 587-775-3805
796 441 59 56
+1 798-911-9911
8009049617
7162099091
+1 201-797-6006
6738001311
620 986 30 81
+1 (636) 847-9334
(822) 581-5929
3647252593
(220) 576-5515
+1 (988) 698-2906
(657) 543-6901
+1 665-925-4666
270 838 91 97
+1 770 361 7887
+1 (707) 654-8079
+1 609 695 7744
(658) 454-2861
+1 (974) 272-7298
5487353661
+1 561-479-4991
+1 791 860 1527
+1 (553) 786-4663
(490) 683-5827
+1 (453) 280-1047
890 254 83 14
+1 534-333-9540
(262) 568-3183
+1 (264) 595-4021
9618476647
(324) 837-1536
+1 (998) 381-8403
(464) 704-1551
+1 860-683-1314
234 914 23 67
+1 (604) 612-9003
+1 874-361-5010
+1 595-615-1975
+1 735-567-8955
+1 299-662-7829
+1 606 589 8229
(248) 787-4598
3069854838
(226) 777-3633
+1 (436) 797-2345
(509) 205-5079
(553) 444-1620
+1 653-420-8165
+1 (628) 302-6629
+1 514-284-4116
+1 743 614 4529
+1 (485) 364-9901
+1 (545) 937-9378
4528178548
426 797 68 46
2978507318
+1 991 457 8512
+1 686 581 3294
9018032671
(673) 275-8704
(967) 575-4958
2828296519
(653) 995-1010
+1 (482) 515-9607
+1 (324) 407-1735
+1 523-734-3198
2432897771
6716773677
+1 844-824-4667
+1 (946) 292-4479
+1 337-766-8889
+1 (718) 353-3312
(516) 873-8651
232 775 76 80
(827) 207-1570
(973) 850-2925
+1 999 361 7094
6915706883
+1 (997) 225-3257
252 610 18 75
471 245 70 99
486 560 84 10
3692949840
+1 928-256-3301
8088673904
(637) 779-5628
+1 533-430-3973
+1 (214) 289-8266
6473608932
(269) 580-6109
+1 652-346-4496
+1 970 517 1790
(236) 394-1874
+1 588 542 3337
+1 821 794 5084
+1 364-585-9262
3393011627
(820) 423-1365
553 325 26 57
8497758210
+1 (493) 906-5509
+1 (960) 827-4301
(564) 710-7809
(298) 755-5799
8634261944
483 554 98 33
(642) 315-6558
778 836 74 98
4759355395
+1 905 552 9000
572 423 86 68
+1 357 728 4705
(677) 241-9697
+1 705-377-8550
(669) 437-3509
(867) 806-5349
+1 633 852 7489
3587801525
(322) 581-9813
+1 849-574-9783
8776544242
(683) 368-2741
8976974463
4915203574
+1 987 901 6948
+1 432-523-3959
+1 330-521-1200
5958001226
+1 808 522 3169
+1 277 274 4882
739 839 44 57
864 907 58 54
(445) 267-4870
+1 695-742-9265
+1 685-951-8527
894 220 47 46
+1 (998) 953-2209
+1 710-860-3821
+1 (881) 923-6302
(946) 326-3612
(968) 613-2320
3224792054
(990) 801-5519
+1 748-742-6553
+1 751 871 2357
(358) 359-2622
839 894 87 96
(894) 976-8216
+1 887-474-5039
+1 (519) 431-7424
3849599480
3035844214
(895) 348-1051
+1 (369) 938-5741
+1 842 855 9051
+1 (805) 497-6215
780 410 34 88
+1 528-658-4412
+1 362-712-3009
635 919 59 01
4705473686
+1 876 914 9320
+1 (533) 923-2670
+1 335-860-4537
322 826 59 69
+1 802 432 7947
(500) 843-3707
(815) 392-5415
+1 (399) 303-3782
(586) 502-4601
(694) 828-3286
4582902317
+1 713-789-8305
4752093190
305 836 78 61
+1 456 315 3698
+1 (588) 436-1615
547 700 28 45
(836) 905-3906
(573) 825-5154
6959364524
756 880 52 72
+1 (770) 919-9897
+1 209-855-7364
995 268 85 12
+1 947-664-9249
5592168796
+1 225 348 7784
+1 788 886 1864
+1 (731) 872-1018
368 790 74 04
6263777599
+1 429 944 8992
(808) 545-3800
+1 892 465 2741
692 817 45 08
(552) 374-7428
(605) 428-3190
+1 694 415 9561
+1 210-657-1288
(497) 718-3438
(622) 425-9627
+1 (229) 207-6824
3556721564
+1 544 512 9842
+1 391 267 1627
+1 753-975-3436
+1 437 522 4511
+1 (430) 498-6896
+1 (269) 249-8002
749 361 33 89
+1 507 674 8700
687 250 44 70
+1 578-287-8377
+1 998 867 2579
+1 (332) 840-5531
+1 590-378-1227
+1 915-471-9528
+1 (876) 688-1367
+1 887 841 1230
6518445682
+1 458 499 6040
+1 370-790-5196
+1 644 569 3968
+1 467 327 6297
8549222976
210 478 69 56
+1 (805) 644-7132
+1 650 628 4183
+1 (410) 554-9928
608 719 15 09
+1 (278) 839-2829
4169747093
+1 (621) 609-7777
7316076552
+1 (482) 294-2124
+1 (909) 788-1617
+1 650-971-4280
5426056849
+1 543 948 6287
+1 (431) 971-3833
7002849145
+1 909-930-2922
906 409 97 42
455 304 89 36
+1 (722) 998-8583
+1 957 422 4035
+1 (959) 394-5553
+1 682-922-6458
292 681 59 53
9504164029
+1 (797) 528-1373
+1 882-962-6610
436 682 89 76
+1 933 350 9862
471 792 10 28
4959805875
730 341 72 26
+1 647-487-7131
3983131379
+1 641-827-3186
+1 (844) 403-8808
+1 (395) 916-8941
+1 (414) 662-9286
+1 312-467-3666
734 362 73 94
(879) 847-9268
322 628 76 06
8658785484
+1 407-294-1163
+1 447-694-2274
+1 352 661 2612
+1 432 870 9633
+1 996 403 3181
761 557 92 98
+1 (701) 274-4761
3567694833
+1 582 886 4951
+1 (418) 732-4101
+1 322 644 8704
(313) 201-3262
4075123358
785 324 71 27
(615) 566-2694
816 378 87 92
+1 716-528-5143
+1 506 321 3763
+1 390 512 1402
+1 843 257 3567
381 710 69 22
+1 879 907 2243
576 387 54 19
+1 801-776-2239
+1 (496) 407-9535
+1 (536) 755-1387
+1 927 296 4420
2978992569
+1 (807) 937-9359
+1 (874) 970-5402
753 630 29 19
+1 (841) 527-1618
+1 (392) 495-9720
8644544681
6644981102
+1 892 764 7099
+1 689-908-6611
+1 423 738 3808
275 775 30 11
+1 364-699-3666
+1 205-742-9351
713 217 24 04
228 746 60 23
+1 413 528 1735
(531) 814-8724
+1 984 794 8732
3304469480
914 326 79 25
(499) 792-4549
+1 (228) 728-4727
(322) 472-2274
(970) 831-6476
+1 223-445-5025
(494) 982-3402
6178154465
+1 255 791 1453
+1 (695) 365-6833
+1 690 519 2588
+1 472-404-4023
+1 271 990 6571
(476) 819-1714
+1 428 564 7037
303 442 74 94
+1 724-200-2314
+1 315-913-5256
2869865715
422 516 91 76
+1 (217) 523-4930
(477) 743-9699
485 698 89 17
233 970 68 03
+1 339-389-3766
492 672 61 42
9273634460
(914) 227-6064
8613579802
+1 303-325-4896
(841) 353-1630
359 431 99 45
+1 (928) 439-3749
7143431938
5914242556
+1 (310) 703-7292
9968696739
(220) 264-9656
(783) 295-3045
702 338 70 31
+1 518 737 9156
871 964 74 58
+1 780-470-4816
+1 (350) 732-8996
+1 (204) 648-9478
631 639 47 37
+1 (580) 370-4142
(777) 305-2793
486 283 89 02
+1 (518) 454-3735
779 410 79 63
+1 622-297-5615
448 792 23 90
(664) 771-8975
+1 (261) 633-6376
+1 855 675 4708
+1 288-725-2596
+1 984-768-1137
(447) 760-2506
4999058555
+1 912-423-8236
+1 640-215-6745
+1 493 732 7047
+1 842-340-2299
5472063920
483 340 10 58
5575256625
+1 972-457-2839
+1 240-295-3405
(295) 901-3109
+1 688 333 9788
+1 337-382-7605
5447532547
+1 (277) 868-8966
+1 (255) 483-4969
+1 838 793 6705
415 626 78 11
263 343 10 00
+1 539 832 7473
+1 804-648-3860
840 231 24 98
648 598 41 57
+1 479 479 1945
7207224562
4849054002
+1 321-883-7900
+1 (388) 420-1150
+1 (708) 986-3339
2656758499
+1 997-728-2586
5229857199
(626) 522-3591
+1 (842) 259-8524
7573516660
+1 542 987 8981
+1 659 583 1589
+1 (932) 255-9775
656 981 50 65
(316) 687-5097
+1 687-314-6894
7834748897
+1 474 588 2008
9312652346
+1 288-862-6880
+1 267 936 5608
+1 (784) 612-2462
+1 (258) 419-5798
7913699168
+1 379 343 6199
+1 (895) 664-1317
+1 927-820-2252
870 706 70 93
+1 552-876-4690
+1 506-615-9968
+1 889 978 6865
+1 (990) 207-2808
(623) 774-5251
286 225 22 57
+1 580 713 3280
9194228493
+1 711 640 1167
(643) 405-7872
658 655 17 58
+1 436 999 4953
7004317730
8506876219
216 736 65 98
+1 261-491-2987
+1 841-507-4297
3568571338
(924) 254-1462
+1 999 928 5792
+1 (652) 768-5488
+1 227-454-1537
7766386462
(815) 470-9527
+1 (543) 568-7674
+1 942-829-2210
889 262 71 52
+1 (676) 911-5420
2048484711
+1 671 305 9551
+1 984 556 8863
(840) 871-2499
+1 283 550 6855
393 917 62 75
+1 626-698-8016
+1 (831) 399-3626
+1 (423) 295-4471
+1 241 851 7346
6062563685
282 403 15 36
+1 236-440-6110
4278366767
+1 881-803-1938
+1 525 289 8947
6909758281
9139862980
+1 806-640-3832
+1 323 432 6411
(843) 434-7722
+1 577-201-3099
338 833 70 12
(841) 770-2751
961 917 25 27
(348) 929-1785
+1 699-570-2104
809 411 26 18
+1 863 769 1886
(799) 339-3762
(464) 535-8908
+1 784 777 9492
(278) 526-6388
979 220 31 99
(781) 246-3056
+1 314 707 1047
601 995 23 41
+1 (275) 808-7010
4825956026
+1 831 962 5003
534 255 20 20
+1 (865) 358-9770
+1 561 785 5377
6333909383
+1 638 249 2385
+1 498 428 1218
+1 866 641 4214
+1 489-281-6940
4077871307
+1 (395) 316-8505
+1 818-757-2660
+1 (764) 833-8531
+1 (975) 771-9837
+1 646-429-2650
+1 342 793 9287
+1 810 536 2314
+1 670-421-4584
+1 542 853 3190
(681) 939-5597
+1 657 470 4098
335 679 55 83
323 862 96 07
+1 366 893 4643
(808) 694-1334
+1 (799) 581-4623
+1 (366) 963-3354
+1 538-539-4240
9519225485
+1 871 974 4458
+1 (751) 734-1286
+1 644-899-6400
6597466386
+1 (750) 509-4540
+1 (716) 818-5582
3352662434
(867) 951-9620
4518107001
2047242543
+1 (946) 959-8385
560 887 47 41
+1 877 529 7291
(839) 222-8105
+1 (486) 722-1954
404 961 20 66
391 678 87 52
6013312294
808 349 59 61
642 992 92 00
506 885 39 60
+1 552 976 4869
757 830 82 97
(373) 204-4353
+1 571 959 9821
+1 626-759-1050
(682) 572-3585
9252645998
3276753287
+1 576 857 1537
508 526 46 21
988 585 84 26
579 616 82 89
2759921634
+1 (950) 742-3825
+1 423-424-3586
(690) 339-8253
+1 778 547 4154
875 792 83 79
+1 (739) 212-9859
8346191275
363 967 73 55
937 450 64 61
444 614 97 31
6864364892
+1 935-247-1975
982 520 41 50
+1 (276) 341-7312
+1 500-350-6971
(910) 625-3965
+1 (270) 564-7242
+1 (304) 212-6504
(723) 459-7558
3652645179
3525608841
+1 754 672 4147
(960) 533-2738
+1 (512) 200-2599
6696011808
871 246 89 86
4743124293
+1 (574) 844-4146
+1 (295) 889-5052
9867656404
+1 (949) 494-4723
+1 383 693 6120
+1 969 446 2560
(788) 948-3205
(457) 952-8200
651 244 98 10
388 705 60 61
723 527 56 87
+1 830 933 7600
+1 (229) 742-7970
(265) 513-2032
964 692 81 93
+1 571-294-1815
(976) 455-9677
+1 445-496-4175
(392) 828-8290
+1 405 275 3011
(692) 634-2104
+1 (427) 413-9016
+1 826-970-9117
9844449902
+1 493 755 5878
970 891 97 81
+1 306 924 2345
9713321763
5172664292
406 863 82 64
+1 435 645 1220
+1 241 839 3543
+1 (509) 306-1539
228 745 53 55
+1 (372) 548-8193
389 844 35 57
+1 (298) 540-1777
(724) 515-8445
(465) 913-4244
3217319512
+1 862 597 8985
+1 998 402 6338
+1 (871) 630-4306
+1 567 744 2855
438 403 13 49
+1 968 887 9149
+1 972 988 4101
+1 487 439 3051
+1 793-325-6938
+1 270-641-1710
8673587868
(687) 646-1933
6405114484
507 589 32 13
5502539938
+1 278-821-9771
6577721734
(205) 652-1999
312 542 57 05
+1 507 891 8999
4359321909
+1 837-794-7186
+1 447 610 5403
+1 826 486 7830
+1 932 765 8821
+1 280 222 9793
+1 637-780-5658
+1 358-941-8506
547 315 66 40
923 247 18 89
6567852593
+1 (710) 225-7305
+1 864 443 3539
691 478 29 87
+1 (672) 379-2678
+1 (745) 614-1088
+1 759 459 4508
6074348850
+1 341-961-2322
7972524600
(328) 390-8721
+1 555-946-6838
+1 (525) 727-7090
+1 (914) 651-4559
(921) 628-9800
+1 414-344-5767
(724) 588-2937
889 867 90 91
+1 429-933-2841
(738) 995-7822
+1 414-583-3493
989 711 69 49
+1 483-297-1108
518 843 16 83
+1 (429) 215-8476
8727447773
(508) 674-3955
897 636 42 56
750 803 85 91
(752) 288-9279
+1 924 550 1069
+1 723 367 3726
+1 (723) 739-9069
+1 674-956-1003
+1 376-495-8437
+1 676 985 7605
+1 917-594-7024
+1 682-760-5708
625 377 36 77
(816) 252-7008
3889912015
418 797 14 06
+1 (225) 949-7225
+1 487-588-6686
+1 963 640 9906
+1 (668) 888-4125
+1 (690) 311-2154
706 940 22 71
(207) 317-8356
+1 (616) 549-7044
+1 (511) 293-1165
+1 414 808 1899
+1 682-295-3596
9307748281
8323588411
412 714 34 98
815 228 34 89
+1 590 204 3798
+1 (254) 779-4217
+1 797-648-8664
845 857 15 50
+1 (358) 513-4924
+1 917-290-1576
3483341133
906 709 39 60
+1 (963) 435-9501
+1 (980) 920-7458
+1 352 597 5479
349 564 35 07
+1 454-222-6825
+1 306 809 4887
965 805 47 66
(544) 596-2649
(749) 436-8483
+1 865-588-7062
+1 (206) 720-2315
+1 652-592-3209
(898) 977-6137
5788422374
+1 (744) 658-2224
+1 (222) 241-6263
+1 280-655-5404
898 532 60 35
(544) 887-7394
3467798417
(507) 679-8132
(355) 969-2920
+1 (217) 690-5658
(814) 670-8635
+1 327 803 2687
+1 (668) 579-5001
8157957949
+1 682 438 9741
(973) 683-9246
(622) 541-1048
+1 555 843 5088
5272222327
8536255060
934 566 70 74
+1 (545) 213-3628
784 494 52 79
+1 (522) 482-5041
(392) 407-6203
+1 (832) 806-7402
+1 942 251 1894
(336) 637-1240
+1 301 448 1729
992 310 69 33
+1 (431) 246-4749
+1 224 716 6905
(210) 637-8140
+1 911-313-4743
817 560 51 73
+1 462-643-2799
+1 987-209-2060
(997) 256-6086
(910) 279-2872
+1 217-779-2487
+1 (986) 218-3002
+1 987 664 7159
441 708 77 91
+1 (789) 670-2147
+1 793 617 4762
+1 (722) 340-6554
226 985 14 75
(295) 423-8719
441 707 89 39
+1 962 937 3074
+1 (637) 557-8556
906 706 69 29
3099516260
+1 750 658 5024
+1 304 507 5523
6069411920
5347519764
8063488989
6086004292
(904) 961-8443
704 625 83 73
+1 758-992-7298
7525146522
+1 (749) 329-9397
(462) 363-8660
+1 912-280-9801
+1 (943) 448-7595
+1 947-747-5911
2272667574
+1 829 626 4657
(780) 500-9979
(762) 528-8071
301 493 71 82
(426) 438-4051
(996) 259-3915
+1 469 556 3509
+1 (974) 235-3565
(289) 867-7923
9004536416
(913) 732-6783
+1 377-633-2228
(851) 554-2673
+1 451 717 6898
6403315633
9614973107
+1 733 754 8140
+1 (841) 281-5158
+1 609-893-8539
323 326 43 13
+1 728 597 2725
872 208 80 91
+1 (422) 861-8768
2794014723
+1 747 859 7260
+1 789-963-1187
259 638 72 91
+1 783-317-2227
992 452 82 77
4069863726
(381) 610-7714
854 494 12 04
(408) 493-9449
(883) 643-5048
909 882 44 41
+1 (862) 486-4793
+1 (744) 503-8213
822 511 67 65
+1 441 462 8987
885 921 83 15
(676) 475-9869
+1 (989) 935-9992
(236) 921-4028
+1 (905) 377-8656
+1 842-702-8620
+1 509 478 9304
+1 813-415-4887
411 412 27 18
+1 447 446 2717
+1 (957) 794-9703
+1 (212) 322-8105
(921) 501-5250
(806) 209-7989
+1 (531) 947-9709
+1 947 874 6238
(827) 787-2358
(741) 890-6606
274 764 96 45
+1 (929) 631-5045
+1 401 530 2375
+1 828 393 3742
254 707 26 86
+1 342-469-8297
+1 (702) 673-7150
(203) 925-4760
(367) 239-1619
+1 (694) 815-9902
+1 455 274 6812
2058521723
+1 653-697-1379
(513) 969-5773
7643561145
(404) 206-1397
9017593723
(497) 829-1227
+1 (319) 452-1125
4523699560
5799394068
+1 887-861-9778
+1 547 235 9294
+1 444-611-9127
+1 (420) 924-2993
+1 886-918-1038
5102911811
(474) 636-1677
+1 440 802 1828
+1 961-973-1065
532 706 92 07
+1 506 649 1418
(475) 717-6244
785 877 63 21
+1 543-416-6156
+1 491 534 2720
6114982695
(918) 646-4496
+1 855 292 8704
+1 (495) 572-8169
(884) 775-5329
(418) 976-2199
(460) 762-6153
+1 398 827 5212
437 823 59 47
+1 685 881 4047
+1 (950) 966-7389
+1 (729) 413-2600
(803) 744-2616
496 400 88 33
+1 358 777 4717
381 886 79 47
+1 735 283 7865
+1 (391) 446-2095
6674109501
+1 631 453 4537
+1 469 594 3584
(767) 944-5957
3182746991
(297) 396-7608
325 536 44 70
+1 222 995 8019
2957477039
(725) 853-6365
+1 (944) 843-2949
9182088254
+1 919-260-5524
+1 (457) 641-7927
(396) 483-2562
+1 330-815-1006
791 431 52 51
+1 600 548 1609
+1 673 772 1652
218 474 24 51
+1 907-494-1697
272 402 22 97
+1 810-638-6499
+1 223-818-9162
+1 (369) 646-4370
(619) 848-9338
+1 229 544 8333
9659063453
+1 423-983-3581
+1 353-456-5073
+1 601-728-5863
+1 577 992 9756
5557448991
+1 845-610-4990
400 364 84 39
+1 (489) 423-4635
994 744 95 04
6603055107
7358013614
+1 252 844 5863
(526) 620-7368
(779) 472-2328
5233776599
932 774 92 05
+1 816-985-2490
2474308613
519 921 70 88
+1 524-533-1170
+1 852 979 5630
+1 809 694 4869
+1 (932) 977-6065
(636) 486-6144
2233465769
4693185773
375 385 11 65
+1 (504) 882-5063
4445324405
+1 208-250-5159
655 676 87 90
+1 998 670 2555
9296158476
693 734 34 14
+1 879-974-2105
+1 905 768 6770
+1 (304) 836-3903
7782414635
+1 282-421-4523
4069515190
831 462 78 11
+1 (828) 861-4059
+1 (431) 731-1869
+1 307-759-9162
9496502226
+1 (521) 306-8268
(799) 778-4369
+1 (783) 892-4460
4275204240
809 632 96 76
+1 920 278 6587
+1 (885) 309-6604
(965) 420-3127
9159727607
6146865502
+1 (756) 829-1147
+1 217-690-9841
709 896 14 01
+1 (429) 743-2507
706 822 13 52
+1 494-408-7626
+1 981 397 6746
+1 (854) 976-6965
9852415186
+1 834-758-1775
+1 888-818-8447
+1 (586) 959-3206
7154053345
+1 992 544 8632
9198798258
+1 (201) 234-9123
+1 (321) 305-2258
711 413 87 89
(580) 532-9678
419 496 36 07
+1 716-883-7731
(630) 239-2388
+1 569 784 4771
+1 578 492 3958
(890) 275-4426
+1 (867) 536-4961
+1 (563) 593-7004
4075269067
+1 204-721-6615
4713835350
+1 968-480-7690
(691) 859-8822
(753) 770-9835
+1 730 847 6554
(823) 690-2923
+1 (276) 664-6484
(951) 791-5660
+1 (870) 352-5914
(233) 920-7092
+1 776 473 9954
(769) 227-6850
+1 463 834 2298
4249735547
(386) 231-5420
(919) 211-3780
6157758191
+1 (642) 939-1179
727 632 35 59
+1 387-814-3075
591 408 23 75
+1 467-461-3935
+1 (888) 537-7226
+1 647 210 5460
6852076751
+1 534 308 2579
8072694243
+1 359 914 3644
+1 (359) 733-5719
5796648277
+1 (921) 827-6689
6104406764
7392159255
+1 (622) 497-8593
921 707 93 13
891 300 84 40
(643) 762-4851
(358) 202-7635
6372929724
295 966 83 25
+1 237-244-2365
861 553 71 85
668 766 93 99
+1 414-317-5983
+1 972-601-8649
+1 (306) 820-3827
(824) 797-7308
+1 (954) 914-2988
+1 229-927-1585
+1 (958) 407-8815
+1 932 252 5220
793 620 12 38
+1 471-274-1964
+1 (471) 375-5654
+1 408-785-9254
778 955 65 65
8055102198
+1 361 247 4738
+1 (673) 612-7028
3293073070
+1 (797) 872-1594
+1 458-424-3683
(246) 981-5130
410 558 95 43
+1 646 611 9897
4402899362
6494808816
+1 781-950-6990
+1 590 704 5288
6587677118
426 678 84 85
+1 806-745-2872
543 337 50 17
835 505 77 79
4096049450
+1 657 749 3003
+1 (769) 532-1824
(289) 540-3439
6049262028
(642) 452-2886
(498) 296-3883
+1 706 426 5552
618 996 95 36
+1 595-316-5730
6329136231
3289361455
5928258750
+1 752 957 9725
+1 652-308-1188
3242073282
(498) 538-6641
341 631 55 67
(739) 263-6531
(943) 360-2206
667 918 29 55
+1 304 775 8720
4079758092
+1 609-210-9032
579 601 79 85
627 978 76 44
+1 314 489 6678
+1 654 492 2009
+1 (358) 852-6126
2799803842
+1 341 994 9597
5984984329
+1 451-322-3062
+1 (631) 999-1760
(937) 624-7720
+1 (278) 948-4438
+1 661 612 7450
+1 305 973 3386
(604) 899-2185
3915159742
+1 (927) 625-8443
(523) 816-1383
+1 362-343-3664
6866444843
7754923385
4894254152
+1 908-992-6985
8672015096
(585) 705-3283
(785) 452-1359
(371) 628-5212
+1 841 820 3848
+1 688 372 1572
+1 (483) 840-1588
+1 717 360 6242
+1 458 692 8299
+1 399 234 6210
+1 536 334 1094
+1 792-624-8880
9199832013
9775359338
+1 (459) 598-8588
+1 212-397-7863
+1 917-595-7783
+1 898-488-4012
+1 265-474-3776
+1 (598) 890-2642
+1 (874) 387-5444
575 505 94 59
9369528559
8125085420
2715902075
722 993 74 89
(496) 357-9260
(774) 512-1721
(475) 962-9271
797 315 77 97
959 696 18 17
+1 324 266 3625
+1 (911) 936-2009
+1 (341) 277-5672
+1 424-519-1411
6108656565
+1 838 854 3095
488 449 56 33
+1 544 324 9525
(224) 386-9710
8077142205
(753) 838-8892
(332) 362-2316
(305) 310-2147
+1 429-837-5033
+1 299-248-2668
+1 (577) 836-5172
8568656634
+1 537-213-8691
+1 666 549 7747
(247) 482-2543
340 908 23 98
+1 593-804-3117
+1 464-954-5102
2315445011
8008174632
700 284 23 22
+1 (923) 708-6098
+1 (578) 250-9951
+1 404 208 3359
+1 946 771 8477
+1 (735) 863-6419
594 573 59 25
+1 531 365 5862
(955) 241-7748
(443) 539-2352
+1 791 952 4459
+1 (831) 564-2992
+1 345 477 1023
+1 888-583-5179
+1 464 836 6122
(493) 536-3659
7838637680
+1 569 821 9435
+1 852-979-2946
3679806777
349 946 87 65
+1 603 527 9259
868 774 87 67
790 513 90 53
519 810 10 74
+1 463-949-4400
466 457 80 04
3658884951
9118556777
+1 229-693-1506
(699) 912-3350
+1 745 290 2376
5376859242
+1 (856) 750-9235
+1 861-684-5440
+1 244-978-2142
2233771304
+1 (813) 393-6122
+1 377 844 7333
348 341 13 30
+1 (409) 990-4590
829 336 70 01
255 572 28 86
+1 234-283-2236
(321) 946-1221
+1 279-500-2419
4187717948
(844) 947-5856
5078982946
9416404710
280 742 13 44
4803536048
9954343759
+1 (947) 275-2995
894 272 79 44
5375719356
6373288716
+1 252-772-1624
+1 785-951-4317
+1 (803) 297-8611
(586) 765-6193
589 259 30 49
(410) 540-1872
+1 (555) 322-2003
+1 713 385 3379
+1 292 246 7646
5452232256
985 836 25 40
+1 868 527 6280
+1 986 466 8420
901 463 96 03
(737) 337-7042
+1 (307) 721-5177
+1 830 420 5097
(274) 717-9937
+1 (530) 524-5026
957 905 22 81
(459) 432-1873
781 688 22 02
+1 (708) 338-1625
(481) 602-1687
7523326531
+1 666 855 4163
7458401867
+1 407-677-7097
914 472 26 48
847 306 44 26
+1 661 590 5164
+1 (787) 943-5458
+1 370-963-8433
+1 372 855 1940
763 502 38 56
+1 526-900-8409
+1 437-555-9527
+1 872-730-6601
816 837 42 76
9739096558
+1 369 321 5736
+1 300 912 1589
200 779 27 24
7119239190
+1 (745) 484-8815
927 753 63 99
+1 929-693-6388
652 915 86 87
+1 517 335 6774
+1 (753) 576-7424
+1 530 530 3913
528 256 11 62
+1 528 578 5497
+1 301-742-9166
3403776716
369 538 55 89
268 212 55 17
+1 200 616 9022
(780) 511-5965
+1 633 421 4605
+1 (697) 346-8334
+1 853-554-5967
(485) 946-8003
+1 890 631 4295
+1 (754) 447-5035
+1 202 260 2760
3799465348
+1 (836) 451-5644
488 902 82 90
+1 (221) 916-2181
(213) 785-3639
+1 (259) 433-4280
+1 581 535 8092
+1 (801) 418-8885
(550) 723-5535
644 851 92 46
5504389659
+1 662-305-7920
5005309025
+1 546-209-7820
+1 576 460 1497
348 354 60 99
979 699 85 76
285 842 93 66
+1 712-740-4363
5299559599
+1 (249) 271-1327
(668) 926-4647
655 430 37 97
+1 511-675-9736
+1 335 328 5716
(340) 626-7168
753 530 39 49
972 794 23 55
6953354130
+1 459 388 4585
+1 (673) 540-3819
+1 709 348 2564
+1 (468) 712-5141
+1 879 431 4686
+1 760-989-2561
4138343931
(803) 705-8359
269 662 36 56
249 834 86 58
+1 656 886 1322
(373) 260-4472
+1 977 818 6624
+1 (306) 880-4245
+1 352-939-2485
+1 (238) 375-2365
+1 785 728 9624
549 922 16 30
(910) 349-4538
7008118429
+1 (285) 560-1558
9522317158
+1 886-972-9004
945 546 20 04
4248613306
+1 341 344 8632
+1 291 543 1179
+1 (880) 342-2666
+1 540-451-6734
(952) 241-1841
559 251 65 46
+1 (474) 246-9365
+1 (994) 318-6521
3817179421
+1 925 230 9455
(888) 837-2702
+1 (659) 876-4155
4737813783
+1 (317) 356-2469
+1 307-840-3683
+1 861 450 5358
+1 563 869 5369
+1 866 849 5620
6234144413
9698426402
+1 (473) 996-8140
9539426995
+1 834-296-6667
+1 537 557 8376
334 285 18 78
+1 436 638 1552
(780) 684-4714
+1 (800) 648-4338
+1 320-731-7423
712 874 28 57
776 776 25 92
(723) 467-5060
+1 568 567 9929
+1 (691) 519-4307
+1 (694) 736-9631
+1 (241) 539-3981
+1 (720) 448-1463
+1 (907) 537-8316
+1 953-534-9936
(693) 811-1353
+1 266 610 1838
+1 (206) 953-2729
+1 324 436 2804
576 283 76 52
5912791575
+1 431 863 3489
+1 (393) 476-9475
371 229 70 13
(750) 810-1255
(240) 935-3743
7038169068
9056656925
+1 839 861 6624
(489) 834-6301
(590) 661-7664
2698577127
+1 488 829 4573
(550) 684-9282
+1 875 991 9587
+1 (829) 539-3763
3028512247
+1 (288) 769-3892
9416845072
227 943 21 34
(744) 940-3167
+1 539 881 4387
441 369 32 71
+1 925-700-2881
(476) 671-6079
251 262 80 63
(912) 843-4574
(350) 249-8285
+1 267-330-5757
648 415 36 59
+1 455-291-8058
789 292 97 87
(736) 931-9461
+1 206 962 6369
(722) 517-7590
+1 (790) 239-3799
2854717430
+1 (298) 462-4786
+1 636 363 5227
8207214259
5234146634
949 340 60 52
537 317 11 53
906 521 32 75
4172362237
+1 815-296-4523
+1 309 347 2011
+1 219 294 1362
+1 (574) 744-1259
+1 (471) 831-5163
(395) 514-5034
8096733097
9728059574
+1 873-524-7499
+1 499 792 3782
+1 731 403 1900
+1 672-925-3254
+1 932 758 4715
+1 953 249 3540
+1 (965) 973-6341
+1 568 572 9011
(465) 842-9665
+1 325-276-9055
+1 732-617-8020
3877834257
+1 578-826-7676
+1 (728) 738-7908
903 865 40 91
(865) 693-9446
(255) 985-7259
+1 868-792-8295
+1 (998) 206-2424
876 611 36 00
+1 253 204 2561
+1 (205) 952-5928
+1 904 870 9879
+1 908 479 3647
+1 974-400-6826
(279) 645-2842
(656) 420-7045
+1 504 583 3395
+1 (292) 242-5390
+1 (360) 480-5317
+1 (417) 635-6531
+1 662-465-7526
675 839 54 34
+1 630 965 7708
+1 421 476 2127
+1 306 353 3642
+1 (878) 377-3861
2315091103
+1 (616) 246-8108
5176618846
+1 958 570 5630
5364799384
+1 757-382-5283
(894) 782-2474
+1 261-897-2581
+1 (772) 591-3490
+1 892 237 2528
+1 (478) 714-4468
326 930 64 69
+1 (497) 281-8941
+1 776 474 1349
5744353769
+1 (483) 702-3074
(941) 391-1991
664 314 14 87
(957) 647-4326
400 929 36 39
+1 275-348-8536
9406062722
(286) 200-6456
+1 530 215 9841
8838435152
+1 604 763 1172
+1 733-309-7372
8579451005
+1 844 693 5180
5667318533
+1 (730) 296-3097
+1 843-404-4462
(372) 303-6486
259 682 43 94
9136125654
(689) 585-8779
+1 (309) 626-2068
(781) 756-9839
7874545214
+1 223-817-3987
851 673 31 87
+1 245 220 3581
(284) 972-7803
+1 978 878 2431
+1 256 922 7280
4138143701
+1 (787) 257-8698
(866) 696-8926
+1 (770) 642-4212
+1 338-818-6752
5897917225
5865172693
(731) 643-8677
+1 (711) 665-4795
+1 908 879 2668
+1 (960) 603-7347
+1 (717) 365-6559
+1 (867) 720-3205
3916413925
+1 375-892-8701
+1 456 246 8714
+1 619 554 8243
+1 (571) 741-9471
+1 (889) 894-9984
6642345530
3163657237
+1 899-354-1163
(747) 246-6737
+1 967 841 1399
+1 599-262-5431
(531) 617-7617
+1 760-441-5429
(491) 563-2410
+1 878 348 1514
+1 905 476 2779
+1 436-721-3413
(996) 200-2442
231 954 41 16
8618015744
+1 (575) 561-6092
+1 717-214-7104
(319) 209-4805
(255) 822-7503
+1 921-731-1767
+1 (297) 820-1930
+1 730 848 6946
(329) 611-9436
348 313 44 17
(446) 373-2682
+1 (381) 819-2066
+1 299 941 2038
4874298995
+1 339 985 1896
8228845213
+1 (862) 304-8818
+1 372-202-6916
(794) 722-8037
+1 (295) 305-8514
+1 755-375-9931
+1 718 896 3211
+1 (991) 230-6133
(594) 655-3024
+1 (894) 988-2578
+1 301-294-5678
237 344 76 39
+1 432 781 9878
5719801299
566 744 49 47
+1 267 719 4943
+1 (529) 539-5516
427 465 59 02
418 806 95 78
9303208009
+1 558-598-5534
+1 395-997-4942
+1 510 212 9492
(275) 611-2860
(236) 799-3034
9034056035
955 358 61 67
(684) 458-9763
355 795 75 93
696 524 26 25
342 212 91 56
+1 (907) 935-9082
+1 577-553-7871
(241) 591-9864
+1 809 584 1368
+1 945-692-6444
820 337 23 49
853 259 18 52
8007725265
2242621975
(238) 334-5843
+1 282 253 4757
+1 (460) 420-9890
+1 743-931-7686
+1 884 332 8433
5463263576
6974347774
9107033838
+1 (992) 638-8929
(422) 337-7944
+1 (972) 962-8056
+1 (829) 862-3652
8126407399
+1 766-917-9740
+1 986 826 2851
7513117823
326 420 65 49
501 552 22 56
+1 (786) 791-7578
(675) 820-4610
5298966825
506 662 45 50
314 308 13 52
+1 (814) 460-8373
+1 (450) 484-6925
+1 (520) 845-3160
+1 653-335-5216
9584827112
+1 859-568-2432
+1 601 329 6217
(573) 464-3509
9273712082
+1 (719) 286-1478
+1 (695) 692-8736
9199389143
+1 (997) 384-8990
701 500 70 60
+1 482-706-3384
+1 783-409-9036
(334) 657-6128
477 231 99 85
970 422 27 45
682 823 97 17
+1 (299) 424-3350
537 225 47 66
+1 (419) 748-4724
8648155668
(475) 873-9592
9525979419
(290) 268-1925
(662) 612-2824
8053629709
+1 829-292-2910
(607) 212-9260
7443696694
+1 (647) 671-3102
+1 423 202 3294
+1 792 285 3841
(259) 420-2749
290 391 71 71
8386269624
+1 (607) 310-2700
(542) 529-3335
9462172896
+1 616-317-6101
(387) 292-5662
+1 (312) 893-8152
986 402 13 66
+1 435 585 6721
7754041498
+1 655 444 3182
453 565 64 61
(553) 811-1822
3587882920
545 238 42 92
+1 411 284 7555
+1 (249) 683-6436
+1 (513) 239-8915
+1 595-929-3006
(970) 985-3761
+1 (709) 284-1086
565 634 82 82
6724298190
+1 (321) 944-7277
(201) 338-4041
380 991 29 10
6286454876
460 757 88 75
+1 257 355 6679
(890) 781-4161
2687219994
+1 290 523 6467
+1 918-209-7326
+1 786 393 1539
+1 210-507-6957
907 410 38 18
+1 737-821-3494
+1 860-747-4217
868 227 57 07
+1 586 619 6171
+1 254-828-7564
8358532365
(221) 316-3795
6528022423
(985) 415-5675
+1 (803) 415-7405
803 597 62 83
+1 360-508-2533
928 262 52 12
566 259 18 56
+1 (436) 776-2011
(549) 770-6549
621 967 20 84
+1 (295) 851-2478
966 353 44 91
+1 (968) 769-9798
689 681 90 59
218 995 44 73
7539167882
(953) 317-2129
(389) 424-4054
+1 (770) 592-5883
+1 (556) 396-4469
+1 (823) 269-7097
+1 (595) 857-2207
+1 (894) 900-5845
+1 (700) 205-2143
771 661 91 35
+1 326 802 1080
+1 720 263 5888
386 564 29 06
+1 748 318 9850
+1 411-758-1093
+1 973-295-6213
3425442396
624 883 28 41
+1 495 606 2769
+1 (508) 388-3552
(759) 468-4522
+1 (434) 468-1377
(447) 725-1062
+1 (359) 754-3764
+1 (648) 335-4934
+1 (766) 986-2602
+1 (687) 785-4002
+1 457 552 6936
(905) 259-1506
9476748539
(331) 480-6129
(931) 702-9966
+1 549-541-1168
5694529473
+1 (821) 366-7420
3755166828
622 646 32 22
+1 719 771 7544
951 674 38 59
+1 (265) 931-6908
745 307 79 26
9685739113
+1 (307) 354-9916
(376) 214-3976
+1 (848) 382-9837
2107665558
981 312 70 45
413 632 72 09
+1 795-292-4590
2266028699
+1 375 916 1798
+1 917 340 1082
+1 (710) 951-7559
+1 845-721-5144
(994) 645-1605
+1 859 567 8648
385 211 64 67
214 516 36 52
+1 394-572-8700
+1 267-330-3115
+1 221 934 8415
+1 (677) 648-6694
+1 385 794 1167
278 408 25 80
+1 427-575-8224
2283229704
+1 (201) 774-4233
+1 752 965 5080
7503818874
+1 578-467-3341
788 889 60 84
9919152866
+1 962-974-5445
(501) 631-5646
8653625585
+1 257 978 1425
+1 562 963 7453
+1 (908) 460-1445
+1 228 752 3955
7529774539
2183646401
+1 446-414-7307
6468502882
+1 928-658-1872
+1 470 381 9953
+1 253 779 8100
(515) 577-3056
+1 (950) 949-6250
9587815570
767 304 73 92
(879) 749-1268
540 509 88 59
(621) 841-9176
(619) 611-5237
(812) 973-3805
(878) 427-5121
340 481 47 04
735 947 37 40
+1 341 987 7198
+1 424 553 6343
+1 526-804-8937
+1 (494) 431-7073
(494) 990-3351
+1 711 654 1897
3325944408
+1 (854) 513-2329
6547802373
(879) 279-6082
(457) 613-2696
+1 301 369 1258
8006823653
+1 763-264-7556
+1 237-667-8216
4329059230
(945) 389-4339
+1 353 804 8753
+1 (473) 271-4579
+1 879 363 8346
+1 355-674-5503
+1 381-573-3731
+1 952 243 1113
+1 761-969-8782
788 980 94 67
704 818 52 60
(460) 554-7067
+1 (465) 669-1235
567 587 59 01
2275467059
(589) 702-7814
+1 (844) 668-5044
(262) 829-1602
(430) 754-7380
+1 228 904 4983
+1 617 797 6759
+1 305-443-9243
+1 (600) 905-2821
+1 (354) 998-6455
(801) 345-9836
+1 859 234 5648
363 611 40 71
+1 466-209-6527
(233) 955-2029
8017043075
+1 757-684-6380
+1 914-426-9056
806 337 38 81
+1 522 830 7595
+1 (898) 971-7072
4126762250
292 415 51 96
(283) 590-7669
+1 417 346 6883
+1 975-744-6166
(380) 589-1569
(833) 672-3896
881 675 44 34
(834) 253-3513
3575805394
976 797 78 47
8315453056
+1 507-605-9307
(590) 558-1463
+1 (370) 662-2596
+1 (425) 381-6283
+1 (474) 665-9197
(482) 956-8149
779 806 82 29
(436) 643-3256
(528) 521-1200
+1 240 901 8654
+1 (266) 425-2752
550 665 35 12
+1 (952) 933-9720
+1 935 375 4039
(949) 251-6530
264 561 16 67
(709) 521-1108
+1 (703) 875-9152
(643) 867-1543
+1 641-731-9886
3884146128
+1 644-470-5747
+1 240-816-1210
4877312659
681 221 46 78
868 786 77 28
+1 415-425-6349
2769777504
+1 607 802 9895
(238) 431-7018
734 526 68 56
(571) 271-2202
+1 (650) 247-9966
+1 226 651 3116
+1 570 360 4525
+1 (241) 859-1126
(939) 229-2864
+1 841 634 4786
+1 (319) 924-8025
+1 (805) 571-2910
+1 (284) 551-8349
(209) 509-6518
+1 429-950-7223
424 936 83 88
5027854561
+1 479-742-2405
778 514 28 60
+1 (885) 898-5194
+1 348-963-4845
+1 275 437 3527
539 407 83 74
+1 (226) 580-4693
+1 400 500 8248
808 293 76 15
+1 (999) 636-9852
+1 260 526 5893
+1 298 474 6950
3243702033
+1 833 843 3194
+1 305 349 9172
+1 (218) 652-2528
5026934748
(402) 324-6608
+1 654-429-4487
+1 (988) 954-5015
(835) 403-8606
+1 (761) 205-5031
272 747 65 52
+1 735-431-3560
297 506 64 96
347 316 84 23
411 865 40 63
+1 (569) 224-2884
+1 (418) 619-2958
5135342381
+1 697 636 6841
(550) 782-6815
+1 (241) 383-6673
+1 548 938 5063
9899321732
+1 748 686 9954
(309) 207-6060
+1 580 470 6168
+1 (484) 412-3773
3366716301
+1 (298) 799-6337
845 373 93 50
7768213301
+1 (470) 854-5290
5283886787
+1 793 980 3838
+1 (303) 686-9273
+1 (848) 867-5605
6833286320
+1 720-309-5457
+1 (462) 791-3059
5474551735
4685151401
343 215 39 84
+1 341-209-5577
+1 934-585-1040
+1 844-742-9401
(439) 663-9363
+1 420-638-9600
(839) 871-3276
+1 840 661 2710
5792311443
585 640 30 68
3509738210
(932) 764-1667
(462) 841-3409
744 376 19 91
814 289 29 65
+1 993-938-4024
(608) 936-6428
(357) 407-5235
+1 425-734-9939
+1 (996) 335-3159
4638767408
(719) 919-8161
8134531657
+1 689-279-8527
991 586 17 42
+1 875 476 4568
+1 (894) 466-4748
6086243921
+1 649 982 6976
+1 (466) 464-3897
(528) 871-2606
+1 (964) 378-4222
7872727047
+1 508 980 5304
(957) 607-4793
7846621087
+1 (956) 733-4724
+1 (379) 957-6998
+1 (936) 431-6699
(566) 203-5009
+1 (747) 856-8277
2094618869
237 553 40 04
(286) 319-8951
+1 (817) 699-9123
+1 648-709-4076
+1 554 898 7311
+1 423-388-1390
660 847 12 07
8355203240
(606) 949-7187
619 879 17 07
(302) 903-3871
+1 394 783 8382
923 865 11 22
+1 435 842 3717
+1 803-570-9733
(815) 850-6390
+1 (710) 876-2777
2029414311
212 768 10 48
+1 (885) 809-3895
+1 (711) 677-9575
+1 836 335 7870
+1 943 840 3574
+1 835-798-3900
+1 (991) 259-4405
+1 (672) 742-9812
+1 419 936 2703
+1 (856) 859-3409
+1 547 355 9961
6105928274
(982) 526-4621
8919481202
9524312016
+1 (987) 296-6555
687 675 92 39
(636) 352-2903
+1 243 223 3198
227 979 95 31
+1 858-957-8931
614 929 49 18
+1 (703) 307-4828
+1 977 909 6007
+1 241-656-5797
+1 (683) 560-8767
+1 959 931 7917
+1 932-848-7051
+1 (398) 895-4390
5273581269
+1 777-623-2432
+1 (898) 808-2350
+1 978 327 6614
(881) 249-9416
+1 330-648-5237
+1 956-453-4427
7864798298
+1 962-781-4165
8225693567
(576) 317-7136
+1 243-878-1832
(224) 804-6296
7483351923
497 419 54 46
245 980 68 51
741 916 43 49
+1 (885) 778-6724
(204) 233-8075
8482965821
(430) 361-2896
+1 231 517 2658
+1 402-508-3573
+1 683 254 4469
+1 245 392 5234
+1 694-684-4587
+1 792 880 4141
+1 557-370-4051
+1 853-300-5766
+1 322-917-8664
+1 295 409 6602
926 795 43 07
+1 601 752 7129
3637857848
(630) 407-7151
+1 986-430-2233
+1 248 600 2699
291 878 10 34
(587) 960-9627
+1 361 508 7094
2783331405
+1 345-687-2777
+1 475 893 1947
(423) 216-6776
+1 (268) 743-9714
2923722213
+1 (450) 243-4528
+1 918-626-8295
+1 (354) 875-2965
4803382039
+1 812-752-7472
(235) 894-4643
+1 853-834-6135
+1 (725) 439-5209
+1 772-438-3083
+1 (797) 285-3554
+1 (623) 269-7634
+1 880-315-1125
+1 287-302-9553
2343566052
+1 (670) 858-6805
+1 426 523 5576
+1 (853) 825-7368
(861) 274-5430
+1 922-268-3183
+1 436-662-3458
+1 602 561 6428
772 286 45 40
357 544 57 08
916 824 14 28
(758) 276-9380
+1 389-737-6598
+1 491-479-9359
+1 519-860-5542
+1 (288) 960-1268
+1 213 754 4444
+1 208 299 6619
968 791 29 65
+1 585 988 6701
(825) 733-3030
+1 (414) 458-7472
+1 (682) 610-1018
+1 448-671-7627
+1 290 727 9262
+1 675 575 6458
+1 601-784-8453
674 415 30 95
+1 527-947-6291
9266232140
+1 (717) 580-2473
998 268 26 96
+1 482 503 6338
+1 240 422 8005
5033592510
508 324 85 79
(846) 580-7076
(435) 335-7002
4445709849
706 219 46 01
2469991942
(892) 574-3037
8763511161
6117128219
+1 527 368 8143
+1 423 505 9241
+1 (756) 900-7039
609 844 59 77
9088483589
338 553 85 91
(762) 652-9538
+1 (217) 596-2004
(508) 674-8690
2422748115
+1 (415) 332-4560
(915) 730-2244
(862) 687-6128
214 866 74 37
(285) 318-9752
323 840 64 27
+1 302 357 7461
+1 948 210 7969
+1 (600) 496-6511
2182405593
(576) 378-1429
+1 (503) 300-4087
(604) 498-4504
+1 430 762 8887
+1 (353) 214-8452
+1 200-302-3189
9979592804
334 204 17 83
+1 (561) 550-5493
+1 904 618 3075
+1 (581) 535-8418
(964) 622-8276
5474037166
+1 934 877 5290
+1 407-367-6018
5097369199
(535) 206-9611
+1 936-360-7394
796 442 46 16
+1 (926) 309-2102
3012908507
+1 316 447 6120
257 527 86 78
(871) 726-4743
9192986085
+1 207-765-5859
(722) 483-6639
+1 (366) 718-4523
+1 486 267 4538
+1 214-476-2761
(619) 570-3788
6784719671
+1 475-597-1151
(890) 358-8626
(241) 634-6503
+1 945-657-2504
953 910 13 65
(666) 252-8063
(214) 932-9298
305 825 23 68
+1 535 493 3050
313 951 47 44
+1 (564) 245-1841
445 789 78 81
+1 (712) 377-2605
+1 715 428 2026
+1 (247) 605-9720
(345) 568-8651
(518) 321-4802
+1 (646) 493-6753
(959) 930-5326
414 552 33 66
8278728747
+1 (826) 568-2687
(717) 575-5006
+1 757-893-8238
+1 (451) 766-8146
743 928 70 08
(327) 258-5924
(769) 389-7086
+1 293-716-1294
+1 (827) 505-9160
389 432 71 98
+1 850-380-3974
+1 673 356 3925
+1 862 488 3494
+1 394-557-6351
2434583395
+1 304-513-5395
+1 654 626 8831
4113941697
(871) 941-6665
+1 299-608-9707
+1 714-306-1817
+1 803-345-7110
+1 331 464 3117
755 671 84 45
+1 727-807-8754
+1 (995) 987-5003
8112402452
+1 700 294 6251
+1 (535) 977-3050
(285) 487-3728
(590) 241-1517
+1 (389) 256-3715
333 582 83 15
3045129891
+1 418-837-4546
+1 (694) 780-4750
+1 (370) 814-4674
846 751 32 71
784 647 68 40
+1 (427) 541-6636
781 582 31 87
2094929346
+1 580-778-4400
(829) 502-8721
(254) 785-7801
(954) 204-3420
+1 792 500 9501
+1 568 808 1429
(353) 588-3030
638 753 86 46
+1 369 975 8853
578 984 17 29
+1 368-287-3629
+1 673-835-4301
+1 695 333 5038
+1 547-937-2510
(252) 601-2966
4205542799
(452) 303-4354
(976) 917-8963
4856422815
+1 204-725-9968
+1 (277) 699-1896
+1 626-497-9188
+1 (239) 648-5686
3459386238
+1 956-311-8878
+1 401 473 1727
+1 473 481 4518
+1 306-603-1821
9205295381
+1 (709) 826-1711
+1 360-404-1097
+1 919 381 3148
+1 (726) 299-7847
468 856 57 96
+1 344-614-6188
(379) 414-9005
+1 403 377 9771
374 410 48 63
(541) 394-4213
+1 (622) 802-7039
+1 502 303 6580
(352) 459-8048
+1 (476) 898-6461
+1 (261) 699-5909
+1 347 748 1454
+1 402-391-1566
2338777821
(427) 294-4030
(384) 508-7126
+1 694-387-1018
+1 445 459 6382
+1 721-318-4304
8298275190
(959) 959-9562
9759735895
(918) 615-6490
+1 252-548-3354
503 356 10 98
226 232 28 47
409 637 81 07
515 483 95 51
7018484906
+1 (794) 333-6509
(565) 582-6009
+1 584 992 1771
(360) 289-1293
(213) 724-7966
+1 (574) 936-5140
(908) 799-4694
+1 947-458-7654
401 844 36 19
525 611 17 25
526 429 76 90
+1 467 913 2521
670 481 46 05
+1 (224) 710-4408
(602) 574-2172
927 614 97 46
292 674 97 55
6017344327
+1 (378) 956-3020
+1 292-269-4400
396 295 48 94
+1 672 231 6983
+1 910 861 4795
+1 549 332 9834
+1 330-829-4344
281 703 37 07
+1 401 535 2832
+1 987 629 5424
3922011160
(630) 782-4496
(423) 320-7300
+1 (380) 516-3916
+1 741-511-5943
2524858163
(807) 911-9951
(761) 727-9150
+1 511 274 7094
7672223436
+1 389 799 6009
+1 (324) 295-2716
873 831 56 31
+1 543-574-8988
522 769 24 45
(892) 652-3227
+1 (912) 373-4200
+1 695-457-9098
+1 243-253-2042
+1 (201) 914-2402
594 781 14 17
+1 569 289 9147
(746) 285-5520
+1 (909) 436-4010
5676619476
+1 823-408-4290
4064832463
8698811686
273 224 37 87
243 646 16 35
+1 (301) 491-6373
661 728 69 92
+1 747 210 6558
667 785 25 61
+1 (236) 799-4843
(608) 241-1862
991 879 25 58
409 262 50 81
8833488059
5438802923
+1 483 268 7742
+1 432-717-9488
+1 (293) 861-2434
+1 823 581 4249
+1 326 759 6263
+1 (897) 862-2031
+1 (676) 795-4633
+1 (334) 720-6241
(645) 277-6856
+1 450 925 1749
+1 386-903-1040
+1 520 643 1507
+1 (886) 554-8346
206 237 79 27
+1 575 706 4988
266 901 38 91
2265299271
+1 502 799 7311
+1 (772) 376-9990
+1 (839) 584-2394
(316) 711-9387
9907561459
+1 797 623 9059
288 390 86 98
+1 (670) 264-7562
484 788 73 49
+1 (933) 631-9369
+1 567 329 7062
+1 802-394-8561
5646315220
+1 300 797 9516
982 212 96 66
+1 430 941 7532
+1 (202) 697-5607
+1 611 951 3090
+1 416-917-5665
+1 456-884-4744
243 498 96 24
+1 944 839 9147
4588971391
747 963 60 90
264 747 77 60
+1 957-847-5990
756 792 87 73
+1 229 958 6518
+1 795-698-9950
(266) 613-8834
+1 (567) 405-6016
+1 (347) 271-4052
+1 489 763 7913
(475) 840-1770
(229) 934-5352
(414) 250-7194
(388) 707-2023
+1 970 295 4877
712 964 93 72
(575) 295-7833
(859) 752-2468
+1 (322) 335-4838
+1 902-646-2106
+1 687 418 2537
713 742 52 92
9413757446
+1 (736) 946-4463
+1 624-869-1731
+1 762-732-8469
+1 (852) 234-1075
6355464949
362 435 54 45
674 628 29 16
(821) 763-2662
3587577979
3942598299
725 287 40 04
9376624902
(418) 792-3932
542 569 27 14
+1 523 690 8306
(993) 218-2742
+1 (615) 276-4339
+1 533-317-3842
2998278212
+1 423-416-5447
+1 781-934-8743
+1 681-386-8981
+1 555-487-8756
+1 719-222-2763
9182361769
6046712967
(432) 782-3744
438 925 58 16
3398658152
+1 825 364 8679
+1 569 258 3888
740 454 50 94
+1 962-873-9091
4428455623
251 935 42 62
(915) 835-3156
(752) 508-7752
5632006689
390 736 63 71
+1 561-482-3627
+1 (629) 492-8934
8788767172
(515) 686-4516
+1 (919) 613-9975
+1 244-240-1872
+1 456-926-1289
+1 531-962-3314
5908135338
+1 495-987-7750
(985) 276-3967
3826016479
+1 673-410-9007
(574) 885-4084
823 494 17 29
9573197215
252 537 64 57
+1 653 463 7974
+1 816 335 4457
439 252 88 25
4036858414
+1 251-937-4154
851 249 53 74
+1 877-568-8306
(954) 853-6832
858 359 90 65
+1 446 908 9259
+1 462-705-8389
+1 397-985-2854
974 609 66 24
+1 (481) 252-9829
+1 401 570 7812
+1 575 207 8879
+1 601 605 1354
+1 (384) 709-2555
+1 (974) 484-3431
+1 671 496 5341
+1 (294) 571-9339
+1 474 264 8253
(398) 554-5468
+1 840-715-2966
+1 979-499-1854
5486596047
8418028181
+1 (722) 377-5203
(964) 986-7293
+1 (283) 201-6898
9012461620
930 444 73 42
+1 (563) 201-9741
758 530 71 48
408 434 13 15
+1 892-729-5133
3835116432
312 233 64 36
(462) 586-8323
+1 (511) 483-1743
+1 (388) 680-6952
(870) 903-6895
(823) 355-8554
624 806 47 94
+1 759 544 1926
(294) 982-3203
+1 904-986-4805
+1 380 225 9199
873 688 82 73
+1 711-743-5006
+1 982-219-9619
3302882441
+1 (522) 378-7696
+1 (823) 826-2458
+1 912 771 1550
7445051276
5183254659
2082348331
(544) 859-7863
(402) 438-9855
+1 569 242 3734
(653) 297-9661
+1 (519) 944-9589
+1 801 912 7015
+1 332-203-5502
+1 (636) 766-5549
(547) 253-6337
890 259 84 65
+1 915 775 7148
6947105026
+1 839 332 6806
+1 (667) 861-5400
+1 (544) 569-2737
+1 504 398 3808
+1 550 594 3124
9594892797
(644) 305-7607
+1 (286) 470-6237
+1 480 943 6022
+1 912 269 2818
2093045044
(390) 478-9307
+1 (543) 928-7418
679 240 51 21
+1 392 996 1336
+1 (266) 949-3316
+1 (227) 995-4638
+1 644-343-3321
+1 283 674 1176
+1 340-335-2018
+1 616 689 8781
+1 (518) 654-7178
684 325 43 62
2866783143
4969292536
(405) 803-9938
792 554 75 05
5743175413
+1 (523) 338-1013
+1 428 262 9877
+1 548 912 1400
+1 275 620 9578
+1 671-681-9841
+1 (330) 863-3783
(983) 893-3924
+1 341 660 5908
(575) 459-4154
(523) 441-3474
+1 988 287 2676
+1 402 798 6900
+1 234 535 9838
+1 458-356-9098
+1 (487) 959-2855
+1 (551) 354-6152
+1 998 593 5245
+1 (644) 544-1334
583 820 52 79
670 743 55 96
6316985384
+1 742-369-1264
+1 481-765-2732
+1 (206) 268-9847
8256022578
+1 628 311 9237
(308) 421-8207
+1 905-724-8618
+1 (418) 370-9223
+1 548 769 2513
237 932 98 48
5276631930
(908) 267-7931
(751) 986-8834
(895) 242-6022
4217649247
+1 354 274 3633
8114829595
+1 (307) 426-9238
2242857318
532 984 74 09
(579) 752-7418
+1 714-998-7512
8523109718
+1 977-237-5838
+1 754-442-1003
(612) 364-3761
+1 403 801 9542
(850) 287-4589
+1 498 561 8755
894 878 92 31
+1 (820) 940-5292
+1 800 575 4182
+1 (652) 720-5101
7104548422
528 938 26 60
+1 562 402 5512
+1 653 953 9073
+1 (942) 593-8929
(979) 673-2016
+1 826-908-1472
+1 349 416 8303
(395) 653-3788
+1 (901) 311-9244
(980) 662-8657
+1 869 210 6632
6398426144
+1 (227) 227-5107
+1 314-574-2966
(266) 862-1856
+1 (758) 767-6019
860 965 19 78
+1 (274) 977-2892
+1 (211) 653-4936
+1 392-535-4658
+1 704-906-5780
+1 427-749-2320
+1 909-914-7568
274 274 55 05
714 656 18 77
3546846880
(626) 534-3917
+1 (419) 873-2501
760 633 88 49
+1 261-766-4260
2666408579
+1 240 584 2380
465 604 51 08
5346225277
(998) 564-9195
267 305 23 72
+1 761-966-1038
4317396632
+1 914-606-4558
(281) 643-3402
+1 497 991 7469
+1 796-675-8560
+1 986-362-7294
994 249 48 74
+1 249-207-2485
+1 (646) 361-6943
427 603 27 02
3702035746
(401) 925-1600
+1 (560) 515-1408
2144893359
+1 417-355-8008
(769) 726-1823
+1 (696) 585-1273
+1 (357) 584-5049
+1 601 538 6877
(466) 205-9247
+1 (680) 665-3926
+1 278-443-2628
717 906 59 82
5856259673
+1 723 775 4963
+1 820-236-2199
+1 369-576-2216
3488568975
+1 (964) 581-8254
+1 (487) 962-4425
+1 (765) 462-4664
+1 445-935-9304
+1 986-871-8075
+1 618-542-3084
+1 (635) 911-5202
2862664936
5707993518
+1 742-600-6733
+1 644 855 1319
+1 296 875 5469
+1 332 690 8290
+1 (291) 551-6063
+1 817-277-9189
+1 943-631-5995
+1 508 220 1387
+1 (214) 860-9619
+1 390 740 9171
+1 302-802-8113
517 948 18 50
6863556655
+1 (888) 947-3687
+1 254-390-5659
(980) 784-4996
619 609 53 27
+1 630 829 5123
+1 (688) 685-9771
+1 575-872-9320
+1 (260) 468-6681
(891) 336-4623
(539) 766-9755
+1 (201) 515-8344
+1 767-246-9937
9126767880
365 231 37 44
2298243141
+1 (279) 780-2862
+1 793-802-1952
+1 459-422-9076
6104345805
2932726922
+1 761-682-6786
+1 (429) 555-5184
+1 206 331 4413
+1 303-791-8131
(275) 740-1801
8754129816
2362757599
+1 (958) 818-3173
500 260 17 18
+1 (277) 238-7424
(269) 489-7319
549 878 98 96
+1 309 801 3003
+1 (504) 869-5050
528 957 81 39
+1 847-470-9015
+1 288-584-6060
(397) 506-3245
(508) 531-9528
(608) 909-5642
+1 790-461-1610
+1 843-869-5740
(874) 697-3958
+1 922 881 2096
877 744 40 25
+1 715-482-9187
+1 488-306-3688
+1 594-574-6575
+1 987-463-9682
+1 547 555 5354
463 665 42 68
4063648037
(444) 436-2761
8752057504
+1 (722) 882-1909
781 765 49 62
7205913374
+1 335-274-6553
9574161821
+1 (827) 801-1321
+1 369-698-1617
(272) 669-9842
+1 223 922 1237
+1 750-867-8926
4125695419
+1 227 324 5399
3254712489
+1 547-265-5962
2987185580
(737) 741-8496
+1 924 360 1534
846 351 78 08
+1 (988) 564-9255
564 562 33 32
+1 361 403 4496
+1 558 834 3243
+1 590-898-1919
+1 794-687-1569
3619153312
(756) 637-5788
853 564 71 34
(411) 791-1553
6016511563
885 343 25 42
3417232991
989 922 85 80
(270) 627-5299
6404947121
377 926 65 10
892 458 77 25
+1 788 571 6877
+1 327 660 6558
(599) 854-2090
+1 927 565 7304
+1 (764) 527-5291
+1 252 801 3061
+1 644-431-3109
+1 716 932 9517
+1 (389) 226-8787
+1 (975) 612-1692
5342669063
+1 551-243-8891
447 705 38 69
+1 879-392-6039
(658) 862-3678
+1 375 520 9426
+1 (338) 782-1538
+1 (548) 860-3152
+1 952 421 9674
923 844 92 11
4723333529
+1 205-233-1296
(424) 368-9089
782 292 32 83
(507) 478-4290
812 335 85 62
+1 456 372 9547
+1 (484) 900-9257
388 359 19 48
217 898 77 11
+1 (443) 874-9859
(267) 463-8301
+1 (706) 370-2202
2338744840
+1 881-878-6079
+1 (863) 838-2823
2748803420
+1 577 820 7627
(577) 900-3309
(725) 966-6986
239 334 76 79
219 884 31 13
+1 208-611-7500
+1 838 277 2315
(319) 723-3568
+1 800 998 5198
(962) 252-5597
8579343831
+1 847-624-7870
+1 (533) 590-3385
(961) 864-3488
2319659655
+1 (974) 907-9196
+1 227-410-9203
2229259413
+1 740 948 5657
4344209264
(716) 605-7228
+1 944 790 8389
+1 524 959 6233
+1 825-496-1986
9902681242
+1 575 376 6938
+1 (732) 675-9253
6733582503
+1 (845) 253-2920
8123326327
+1 548 274 2711
+1 501 571 7606
3826817929
663 357 26 99
(456) 210-1795
4103652631
(742) 292-2858
+1 407 775 3134
+1 (980) 759-5831
6959603668
+1 761-807-2758
(795) 266-3713
+1 698 751 1868
+1 285 989 5766
2127115055
683 991 58 77
(261) 279-1463
(856) 718-7535
+1 (351) 282-7116
+1 903 747 1429
+1 665 794 7260
491 509 67 77
(234) 336-4968
5133017056
+1 614-541-9603
(714) 484-1804
+1 744 249 4723
(441) 578-4186
(424) 881-4697
+1 654 879 3173
6913757724
(823) 748-7856
+1 (627) 479-6049
+1 355-412-3637
+1 463-773-6121
+1 852 934 9671
+1 861-948-2607
+1 (316) 233-3253
288 872 82 97
+1 223 631 3912
+1 575 425 5441
793 358 54 57
